 3600 lines
 2 columns
      3.00000      0.00000
      3.01000      0.00000
      3.02000      0.00000
      3.03000      0.00000
      3.04000      0.00000
      3.05000      0.00000
      3.06000      0.00000
      3.07000      0.00000
      3.08000      0.00000
      3.09000      0.00000
      3.10000      0.00000
      3.11000      0.00000
      3.12000      0.00000
      3.13000      0.00000
      3.14000      0.00000
      3.15000      0.00000
      3.16000      0.00000
      3.17000      0.00000
      3.18000      0.00000
      3.19000      0.00000
      3.20000      0.00000
      3.21000      0.00000
      3.22000      0.00000
      3.23000      0.00000
      3.24000      0.00000
      3.25000      0.00000
      3.26000      0.00000
      3.27000      0.00000
      3.28000      0.00000
      3.29000      0.00000
      3.30000      0.00000
      3.31000      0.00000
      3.32000      0.00000
      3.33000      0.00000
      3.34000      0.00000
      3.35000      0.00000
      3.36000      0.00000
      3.37000      0.00000
      3.38000      0.00000
      3.39000      0.00000
      3.40000      0.00000
      3.41000      0.00000
      3.42000      0.00000
      3.43000      0.00000
      3.44000      0.00000
      3.45000      0.00000
      3.46000      0.00000
      3.47000      0.00000
      3.48000      0.00000
      3.49000      0.00000
      3.50000      0.00000
      3.51000      0.00000
      3.52000      0.00000
      3.53000      0.00000
      3.54000      0.00000
      3.55000      0.00000
      3.56000      0.00000
      3.57000      0.00000
      3.58000      0.00000
      3.59000      0.00000
      3.60000      0.00000
      3.61000      0.00000
      3.62000      0.00000
      3.63000      0.00000
      3.64000      0.00000
      3.65000      0.00000
      3.66000      0.00000
      3.67000      0.00000
      3.68000      0.00000
      3.69000      0.00000
      3.70000      0.00000
      3.71000      0.00000
      3.72000      0.00000
      3.73000      0.00000
      3.74000      0.00000
      3.75000      0.00000
      3.76000      0.00000
      3.77000      0.00000
      3.78000      0.00000
      3.79000      0.00000
      3.80000      0.00000
      3.81000      0.00000
      3.82000      0.00000
      3.83000      0.00000
      3.84000      0.00000
      3.85000      0.00000
      3.86000      0.00000
      3.87000      0.00000
      3.88000      0.00000
      3.89000      0.00000
      3.90000      0.00000
      3.91000      0.00000
      3.92000      0.00000
      3.93000      0.00000
      3.94000      0.00000
      3.95000      0.00000
      3.96000      0.00000
      3.97000      0.00000
      3.98000      0.00000
      3.99000      0.00000
      4.00000      0.00000
      4.01000      0.00000
      4.02000      0.00000
      4.03000      0.00000
      4.04000      0.00000
      4.05000      0.00000
      4.06000      0.00000
      4.07000      0.00000
      4.08000      0.00000
      4.09000      0.00000
      4.10000      0.00000
      4.11000      0.00000
      4.12000      0.00000
      4.13000      0.00000
      4.14000      0.00000
      4.15000      0.00000
      4.16000      0.00000
      4.17000      0.00000
      4.18000      0.00000
      4.19000      0.00000
      4.20000      0.00000
      4.21000      0.00000
      4.22000      0.00000
      4.23000      0.00000
      4.24000      0.00000
      4.25000      0.00000
      4.26000      0.00000
      4.27000      0.00000
      4.28000      0.00000
      4.29000      0.00000
      4.30000      0.00000
      4.31000      0.00000
      4.32000      0.00000
      4.33000      0.00000
      4.34000      0.00000
      4.35000      0.00000
      4.36000      0.00000
      4.37000      0.00000
      4.38000      0.00000
      4.39000      0.00000
      4.40000      0.00000
      4.41000      0.00000
      4.42000      0.00000
      4.43000      0.00000
      4.44000      0.00000
      4.45000      0.00000
      4.46000      0.00000
      4.47000      0.00000
      4.48000      0.00000
      4.49000      0.00000
      4.50000      0.00000
      4.51000      0.00000
      4.52000      0.00000
      4.53000      0.00000
      4.54000      0.00000
      4.55000      0.00000
      4.56000      0.00000
      4.57000      0.00000
      4.58000      0.00000
      4.59000      0.00000
      4.60000      0.00000
      4.61000      0.00000
      4.62000      0.00000
      4.63000      0.00000
      4.64000      0.00000
      4.65000      0.00000
      4.66000      0.00000
      4.67000      0.00000
      4.68000      0.00000
      4.69000      0.00000
      4.70000      0.00000
      4.71000      0.00000
      4.72000      0.00000
      4.73000      0.00000
      4.74000      0.00000
      4.75000      0.00000
      4.76000      0.00000
      4.77000      0.00000
      4.78000      0.00000
      4.79000      0.00000
      4.80000      0.00000
      4.81000      0.00000
      4.82000      0.00000
      4.83000      0.00000
      4.84000      0.00000
      4.85000      0.00000
      4.86000      0.00000
      4.87000      0.00000
      4.88000      0.00000
      4.89000      0.00000
      4.90000      0.00000
      4.91000      0.00000
      4.92000      0.00000
      4.93000      0.00000
      4.94000      0.00000
      4.95000      0.00000
      4.96000      0.00000
      4.97000      0.00000
      4.98000      0.00000
      4.99000      0.00000
      5.00000      0.00000
      5.01000  6.28495e-07
      5.02000  8.90135e-07
      5.03000  1.19405e-06
      5.04000  1.50204e-06
      5.05000  1.84674e-06
      5.06000  2.02949e-06
      5.07000  1.99023e-06
      5.08000  1.78923e-06
      5.09000  1.39428e-06
      5.10000  1.05771e-06
      5.11000  7.72470e-07
      5.12000  5.53779e-07
      5.13000  4.06258e-07
      5.14000  3.25606e-07
      5.15000  3.20412e-07
      5.16000  3.89998e-07
      5.17000  5.18521e-07
      5.18000  6.88672e-07
      5.19000  9.04896e-07
      5.20000  1.02824e-06
      5.21000  1.15527e-06
      5.22000  1.18786e-06
      5.23000  1.17290e-06
      5.24000  1.18685e-06
      5.25000  1.11798e-06
      5.26000  1.10036e-06
      5.27000  1.09290e-06
      5.28000  1.14495e-06
      5.29000  1.25014e-06
      5.30000  1.18776e-06
      5.31000  1.13014e-06
      5.32000  8.98288e-07
      5.33000  7.09911e-07
      5.34000  5.57004e-07
      5.35000  4.38238e-07
      5.36000  3.33045e-07
      5.37000  2.52105e-07
      5.38000  1.88307e-07
      5.39000  1.57370e-07
      5.40000  1.62138e-07
      5.41000  1.79206e-07
      5.42000  2.02991e-07
      5.43000  2.40003e-07
      5.44000  2.82090e-07
      5.45000  3.55556e-07
      5.46000  4.50205e-07
      5.47000  6.06350e-07
      5.48000  7.75237e-07
      5.49000  1.00601e-06
      5.50000  1.27890e-06
      5.51000  1.60994e-06
      5.52000  1.99522e-06
      5.53000  2.34029e-06
      5.54000  2.51004e-06
      5.55000  2.47441e-06
      5.56000  2.27323e-06
      5.57000  1.96365e-06
      5.58000  1.67535e-06
      5.59000  1.41967e-06
      5.60000  1.18793e-06
      5.61000  1.00077e-06
      5.62000  8.09229e-07
      5.63000  6.51923e-07
      5.64000  4.86045e-07
      5.65000  3.66685e-07
      5.66000  2.87828e-07
      5.67000  2.37969e-07
      5.68000  2.11089e-07
      5.69000  1.99085e-07
      5.70000  2.08008e-07
      5.71000  2.42995e-07
      5.72000  3.01768e-07
      5.73000  3.73676e-07
      5.74000  4.19675e-07
      5.75000  4.52413e-07
      5.76000  4.53244e-07
      5.77000  4.54066e-07
      5.78000  4.65091e-07
      5.79000  4.45053e-07
      5.80000  4.06690e-07
      5.81000  3.33668e-07
      5.82000  2.58604e-07
      5.83000  2.05165e-07
      5.84000  1.72734e-07
      5.85000  1.60577e-07
      5.86000  1.66030e-07
      5.87000  1.94486e-07
      5.88000  2.46975e-07
      5.89000  3.22845e-07
      5.90000  3.63714e-07
      5.91000  4.14083e-07
      5.92000  4.29685e-07
      5.93000  4.62177e-07
      5.94000  5.14132e-07
      5.95000  5.12016e-07
      5.96000  4.99418e-07
      5.97000  4.29802e-07
      5.98000  3.62761e-07
      5.99000  3.15482e-07
      6.00000  2.80326e-07
      6.01000  2.77266e-07
      6.02000  2.60294e-07
      6.03000  2.92526e-07
      6.04000  3.54018e-07
      6.05000  4.69131e-07
      6.06000  6.26988e-07
      6.07000  8.34588e-07
      6.08000  1.06729e-06
      6.09000  1.34735e-06
      6.10000  1.64808e-06
      6.11000  1.67727e-06
      6.12000  1.69657e-06
      6.13000  1.46065e-06
      6.14000  1.32368e-06
      6.15000  1.25236e-06
      6.16000  1.29146e-06
      6.17000  1.42196e-06
      6.18000  1.66147e-06
      6.19000  1.99870e-06
      6.20000  2.44405e-06
      6.21000  2.81424e-06
      6.22000  3.23268e-06
      6.23000  3.59724e-06
      6.24000  3.69669e-06
      6.25000  3.87683e-06
      6.26000  3.80101e-06
      6.27000  3.50312e-06
      6.28000  3.23772e-06
      6.29000  2.70245e-06
      6.30000  2.24686e-06
      6.31000  1.89615e-06
      6.32000  1.61048e-06
      6.33000  1.35912e-06
      6.34000  1.15359e-06
      6.35000  9.26870e-07
      6.36000  7.85442e-07
      6.37000  7.11562e-07
      6.38000  5.97361e-07
      6.39000  5.20948e-07
      6.40000  3.94228e-07
      6.41000  2.95402e-07
      6.42000  2.17925e-07
      6.43000  1.57701e-07
      6.44000  1.11329e-07
      6.45000  7.64392e-08
      6.46000  5.22824e-08
      6.47000  3.68652e-08
      6.48000  3.08534e-08
      6.49000  2.91749e-08
      6.50000  3.79745e-08
      6.51000  5.68443e-08
      6.52000  8.94033e-08
      6.53000  1.34677e-07
      6.54000  2.00076e-07
      6.55000  2.78090e-07
      6.56000  3.83116e-07
      6.57000  4.89349e-07
      6.58000  6.18082e-07
      6.59000  6.95911e-07
      6.60000  7.56020e-07
      6.61000  7.73278e-07
      6.62000  7.80207e-07
      6.63000  8.02268e-07
      6.64000  7.36883e-07
      6.65000  6.81882e-07
      6.66000  5.43062e-07
      6.67000  4.36551e-07
      6.68000  3.61049e-07
      6.69000  3.16460e-07
      6.70000  2.89940e-07
      6.71000  2.83317e-07
      6.72000  2.82951e-07
      6.73000  2.72616e-07
      6.74000  2.65077e-07
      6.75000  2.38887e-07
      6.76000  2.21363e-07
      6.77000  2.12720e-07
      6.78000  1.85321e-07
      6.79000  1.62383e-07
      6.80000  1.20792e-07
      6.81000  8.71819e-08
      6.82000  6.15498e-08
      6.83000  4.28112e-08
      6.84000  2.82782e-08
      6.85000  1.94451e-08
      6.86000  1.70397e-08
      6.87000  3.62543e-08
      6.88000  6.69282e-08
      6.89000  1.42106e-07
      6.90000  2.66064e-07
      6.91000  4.52636e-07
      6.92000  6.96192e-07
      6.93000  1.02481e-06
      6.94000  1.43851e-06
      6.95000  1.91547e-06
      6.96000  2.41857e-06
      6.97000  2.65970e-06
      6.98000  2.87560e-06
      6.99000  2.80963e-06
      7.00000  2.74076e-06
      7.01000  2.43511e-06
      7.02000  2.09658e-06
      7.03000  1.58502e-06
      7.04000  1.16083e-06
      7.05000  8.24010e-07
      7.06000  5.72210e-07
      7.07000  3.87546e-07
      7.08000  2.48519e-07
      7.09000  1.57948e-07
      7.10000  1.03219e-07
      7.11000  8.20293e-08
      7.12000  6.45646e-08
      7.13000  6.44210e-08
      7.14000  8.08986e-08
      7.15000  1.13976e-07
      7.16000  1.75493e-07
      7.17000  2.73540e-07
      7.18000  3.98614e-07
      7.19000  5.68017e-07
      7.20000  7.79846e-07
      7.21000  1.01959e-06
      7.22000  1.19024e-06
      7.23000  1.37112e-06
      7.24000  1.38091e-06
      7.25000  1.42702e-06
      7.26000  1.41674e-06
      7.27000  1.31235e-06
      7.28000  1.23969e-06
      7.29000  1.06616e-06
      7.30000  9.37437e-07
      7.31000  8.55781e-07
      7.32000  7.41544e-07
      7.33000  6.55245e-07
      7.34000  5.42516e-07
      7.35000  4.34299e-07
      7.36000  3.57754e-07
      7.37000  2.88071e-07
      7.38000  2.31468e-07
      7.39000  2.06720e-07
      7.40000  2.01779e-07
      7.41000  2.36387e-07
      7.42000  3.04623e-07
      7.43000  4.08852e-07
      7.44000  5.13358e-07
      7.45000  6.48723e-07
      7.46000  7.73331e-07
      7.47000  9.32482e-07
      7.48000  1.11913e-06
      7.49000  1.20028e-06
      7.50000  1.29281e-06
      7.51000  1.16993e-06
      7.52000  1.07317e-06
      7.53000  9.11159e-07
      7.54000  8.12137e-07
      7.55000  7.71865e-07
      7.56000  7.92278e-07
      7.57000  8.27179e-07
      7.58000  9.13125e-07
      7.59000  9.57679e-07
      7.60000  1.03609e-06
      7.61000  1.01147e-06
      7.62000  9.38063e-07
      7.63000  7.93946e-07
      7.64000  6.17119e-07
      7.65000  4.66192e-07
      7.66000  3.45794e-07
      7.67000  2.52626e-07
      7.68000  1.89080e-07
      7.69000  1.60887e-07
      7.70000  1.46147e-07
      7.71000  1.71102e-07
      7.72000  2.10784e-07
      7.73000  2.77307e-07
      7.74000  3.58885e-07
      7.75000  4.61409e-07
      7.76000  5.72599e-07
      7.77000  7.01967e-07
      7.78000  7.96127e-07
      7.79000  7.90903e-07
      7.80000  7.37065e-07
      7.81000  5.97921e-07
      7.82000  4.83012e-07
      7.83000  3.91596e-07
      7.84000  3.23673e-07
      7.85000  2.63265e-07
      7.86000  2.21884e-07
      7.87000  1.90572e-07
      7.88000  1.69405e-07
      7.89000  1.67411e-07
      7.90000  1.61818e-07
      7.91000  1.74284e-07
      7.92000  1.97458e-07
      7.93000  2.35903e-07
      7.94000  2.90649e-07
      7.95000  3.08976e-07
      7.96000  3.36934e-07
      7.97000  3.26046e-07
      7.98000  3.35869e-07
      7.99000  3.63437e-07
      8.00000  4.10990e-07
      8.01000  4.34087e-07
      8.02000  4.52854e-07
      8.03000  4.30825e-07
      8.04000  4.09310e-07
      8.05000  3.93204e-07
      8.06000  3.42846e-07
      8.07000  3.01497e-07
      8.08000  2.25751e-07
      8.09000  1.64302e-07
      8.10000  1.18966e-07
      8.11000  8.79027e-08
      8.12000  7.02762e-08
      8.13000  6.91708e-08
      8.14000  7.95107e-08
      8.15000  1.11653e-07
      8.16000  1.59779e-07
      8.17000  2.20416e-07
      8.18000  3.05507e-07
      8.19000  4.02648e-07
      8.20000  4.88214e-07
      8.21000  5.92124e-07
      8.22000  6.85280e-07
      8.23000  7.57247e-07
      8.24000  8.39868e-07
      8.25000  7.98034e-07
      8.26000  7.56416e-07
      8.27000  6.44099e-07
      8.28000  5.54722e-07
      8.29000  4.97340e-07
      8.30000  4.67211e-07
      8.31000  4.75119e-07
      8.32000  5.32195e-07
      8.33000  6.42287e-07
      8.34000  8.01028e-07
      8.35000  8.89045e-07
      8.36000  9.82699e-07
      8.37000  9.96846e-07
      8.38000  1.00862e-06
      8.39000  1.01597e-06
      8.40000  9.70920e-07
      8.41000  8.62906e-07
      8.42000  7.26019e-07
      8.43000  5.70281e-07
      8.44000  4.39055e-07
      8.45000  3.32885e-07
      8.46000  2.37535e-07
      8.47000  1.62471e-07
      8.48000  1.12008e-07
      8.49000  8.24481e-08
      8.50000  7.14551e-08
      8.51000  7.35486e-08
      8.52000  8.39024e-08
      8.53000  1.02464e-07
      8.54000  1.26395e-07
      8.55000  1.27522e-07
      8.56000  1.27738e-07
      8.57000  1.04611e-07
      8.58000  8.96327e-08
      8.59000  8.13235e-08
      8.60000  8.68223e-08
      8.61000  1.11766e-07
      8.62000  1.53946e-07
      8.63000  2.16349e-07
      8.64000  2.98262e-07
      8.65000  4.00088e-07
      8.66000  5.04583e-07
      8.67000  6.26839e-07
      8.68000  6.72258e-07
      8.69000  6.91534e-07
      8.70000  6.44237e-07
      8.71000  5.47203e-07
      8.72000  4.66631e-07
      8.73000  3.72276e-07
      8.74000  3.07489e-07
      8.75000  2.72142e-07
      8.76000  2.66260e-07
      8.77000  2.88470e-07
      8.78000  3.29313e-07
      8.79000  3.83255e-07
      8.80000  4.32290e-07
      8.81000  4.43046e-07
      8.82000  4.21698e-07
      8.83000  3.61603e-07
      8.84000  2.95848e-07
      8.85000  2.48857e-07
      8.86000  2.20631e-07
      8.87000  2.06386e-07
      8.88000  2.10131e-07
      8.89000  2.27387e-07
      8.90000  2.62352e-07
      8.91000  3.09689e-07
      8.92000  3.07434e-07
      8.93000  3.03393e-07
      8.94000  2.48888e-07
      8.95000  2.05848e-07
      8.96000  1.75235e-07
      8.97000  1.57049e-07
      8.98000  1.50772e-07
      8.99000  1.45411e-07
      9.00000  1.50136e-07
      9.01000  1.56167e-07
      9.02000  1.73601e-07
      9.03000  1.73716e-07
      9.04000  1.70409e-07
      9.05000  1.48642e-07
      9.06000  1.25184e-07
      9.07000  1.08927e-07
      9.08000  9.98704e-08
      9.09000  9.82915e-08
      9.10000  1.02697e-07
      9.11000  1.02245e-07
      9.12000  1.06656e-07
      9.13000  9.53610e-08
      9.14000  8.70195e-08
      9.15000  7.32475e-08
      9.16000  6.37609e-08
      9.17000  5.80790e-08
      9.18000  5.62019e-08
      9.19000  5.30070e-08
      9.20000  5.27862e-08
      9.21000  5.12477e-08
      9.22000  4.71994e-08
      9.23000  4.54935e-08
      9.24000  3.73601e-08
      9.25000  3.15336e-08
      9.26000  2.42964e-08
      9.27000  2.08976e-08
      9.28000  2.05172e-08
      9.29000  2.47953e-08
      9.30000  3.31781e-08
      9.31000  4.79651e-08
      9.32000  6.68568e-08
      9.33000  9.33561e-08
      9.34000  1.27734e-07
      9.35000  1.54446e-07
      9.36000  1.86186e-07
      9.37000  1.95089e-07
      9.38000  2.08835e-07
      9.39000  2.14713e-07
      9.40000  2.27896e-07
      9.41000  2.10964e-07
      9.42000  1.95267e-07
      9.43000  1.49698e-07
      9.44000  1.12262e-07
      9.45000  8.34607e-08
      9.46000  6.26561e-08
      9.47000  5.23995e-08
      9.48000  5.03639e-08
      9.49000  5.77986e-08
      9.50000  7.38837e-08
      9.51000  9.86190e-08
      9.52000  1.30546e-07
      9.53000  1.64637e-07
      9.54000  1.92424e-07
      9.55000  2.07404e-07
      9.56000  2.11143e-07
      9.57000  2.04609e-07
      9.58000  2.04583e-07
      9.59000  2.10476e-07
      9.60000  2.27016e-07
      9.61000  2.54203e-07
      9.62000  2.44843e-07
      9.63000  2.38370e-07
      9.64000  1.95527e-07
      9.65000  1.62231e-07
      9.66000  1.37909e-07
      9.67000  1.22220e-07
      9.68000  1.08452e-07
      9.69000  1.02837e-07
      9.70000  9.89749e-08
      9.71000  1.04903e-07
      9.72000  1.09239e-07
      9.73000  1.19039e-07
      9.74000  1.26804e-07
      9.75000  1.37405e-07
      9.76000  1.56882e-07
      9.77000  1.78854e-07
      9.78000  2.12596e-07
      9.79000  2.54848e-07
      9.80000  3.10947e-07
      9.81000  3.68256e-07
      9.82000  4.16262e-07
      9.83000  4.21424e-07
      9.84000  4.08021e-07
      9.85000  3.62329e-07
      9.86000  3.01115e-07
      9.87000  2.48055e-07
      9.88000  1.81778e-07
      9.89000  1.27216e-07
      9.90000  8.37304e-08
      9.91000  5.16409e-08
      9.92000  2.98381e-08
      9.93000  1.62790e-08
      9.94000  6.92340e-09
      9.95000  2.71554e-09
      9.96000  1.35777e-09
      9.97000  1.75957e-18
      9.98000  1.79507e-18
      9.99000  1.83124e-18
      10.0000  1.86815e-18
      10.0100  1.90574e-18
      10.0200  1.94411e-18
      10.0300  1.98323e-18
      10.0400  2.02316e-18
      10.0500  2.06400e-18
      10.0600  2.10590e-18
      10.0700  2.14860e-18
      10.0800  2.19233e-18
      10.0900  2.23692e-18
      10.1000  2.28228e-18
      10.1100  2.32881e-18
      10.1200  2.37600e-18
      10.1300  2.42438e-18
      10.1400  2.47356e-18
      10.1500  9.97582e-11
      10.1600  1.99516e-10
      10.1700  4.98791e-10
      10.1800  9.97582e-10
      10.1900  1.69589e-09
      10.2000  3.24215e-09
      10.2100  6.28927e-09
      10.2200  1.08328e-08
      10.2300  1.94753e-08
      10.2400  3.22170e-08
      10.2500  4.72122e-08
      10.2600  6.98867e-08
      10.2700  9.48147e-08
      10.2800  1.31601e-07
      10.2900  1.80245e-07
      10.3000  2.28751e-07
      10.3100  2.63095e-07
      10.3200  2.93397e-07
      10.3300  3.11482e-07
      10.3400  3.41425e-07
      10.3500  3.83226e-07
      10.3600  3.64915e-07
      10.3700  3.46724e-07
      10.3800  2.68422e-07
      10.3900  2.01777e-07
      10.4000  1.46792e-07
      10.4100  1.02168e-07
      10.4200  6.59511e-08
      10.4300  4.10596e-08
      10.4400  2.39270e-08
      10.4500  1.90831e-08
      10.4600  2.65278e-08
      10.4700  3.85021e-08
      10.4800  5.88856e-08
      10.4900  8.37987e-08
      10.5000  1.13242e-07
      10.5100  1.47374e-07
      10.5200  1.86391e-07
      10.5300  1.88359e-07
      10.5400  1.89093e-07
      10.5500  1.53489e-07
      10.5600  1.23446e-07
      10.5700  9.89646e-08
      10.5800  8.00443e-08
      10.5900  6.66852e-08
      10.6000  5.88873e-08
      10.6100  5.36981e-08
      10.6200  4.70019e-08
      10.6300  4.18458e-08
      10.6400  3.11319e-08
      10.6500  2.37143e-08
      10.6600  1.73284e-08
      10.6700  1.19740e-08
      10.6800  7.65111e-09
      10.6900  7.86553e-09
      10.7000  9.11151e-09
      10.7100  1.86550e-08
      10.7200  3.59222e-08
      10.7300  6.08694e-08
      10.7400  9.36932e-08
      10.7500  1.34037e-07
      10.7600  1.81902e-07
      10.7700  2.37287e-07
      10.7800  3.00193e-07
      10.7900  3.05763e-07
      10.8000  3.08337e-07
      10.8100  2.48867e-07
      10.8200  1.96155e-07
      10.8300  1.46254e-07
      10.8400  1.03874e-07
      10.8500  6.90138e-08
      10.8600  4.16743e-08
      10.8700  2.18552e-08
      10.8800  9.55651e-09
      10.8900  4.77826e-09
      10.9000  5.09025e-10
      10.9100  2.54513e-10
      10.9200  1.17678e-17
      10.9300  1.20054e-17
      10.9400  1.22476e-17
      10.9500  1.24946e-17
      10.9600  1.27467e-17
      10.9700  1.30039e-17
      10.9800  1.32668e-17
      10.9900  1.35351e-17
      11.0000  1.38087e-17
      11.0100  5.21341e-11
      11.0200  2.03393e-10
      11.0300  4.58921e-10
      11.0400  1.01697e-09
      11.0500  1.87753e-09
      11.0600  3.04061e-09
      11.0700  4.50621e-09
      11.0800  6.27433e-09
      11.0900  8.34497e-09
      11.1000  1.14807e-08
      11.1100  1.39544e-08
      11.1200  1.67211e-08
      11.1300  2.01994e-08
      11.1400  2.45827e-08
      11.1500  3.19965e-08
      11.1600  4.24407e-08
      11.1700  5.59153e-08
      11.1800  7.24204e-08
      11.1900  9.19560e-08
      11.2000  1.00415e-07
      11.2100  1.09617e-07
      11.2200  9.92090e-08
      11.2300  8.75170e-08
      11.2400  6.97851e-08
      11.2500  5.20842e-08
      11.2600  3.71112e-08
      11.2700  2.48662e-08
      11.2800  1.53491e-08
      11.2900  8.55988e-09
      11.3000  4.49861e-09
      11.3100  1.64022e-09
      11.3200  7.47216e-10
      11.3300  1.94906e-10
      11.3400  9.82453e-11
      11.3500  2.45613e-10
      11.3600  4.91226e-10
      11.3700  8.35085e-10
      11.3800  1.27719e-09
      11.3900  1.81754e-09
      11.4000  2.45613e-09
      11.4100  3.19297e-09
      11.4200  4.02806e-09
      11.4300  4.05262e-09
      11.4400  4.02806e-09
      11.4500  3.19297e-09
      11.4600  2.48630e-09
      11.4700  1.87787e-09
      11.4800  1.42801e-09
      11.4900  2.28664e-09
      11.5000  3.30385e-09
      11.5100  6.77945e-09
      11.5200  1.27135e-08
      11.5300  2.11059e-08
      11.5400  3.18584e-08
      11.5500  4.50203e-08
      11.5600  5.99842e-08
      11.5700  7.81623e-08
      11.5800  9.81425e-08
      11.5900  1.01099e-07
      11.6000  1.04854e-07
      11.6100  9.15853e-08
      11.6200  8.25658e-08
      11.6300  7.77954e-08
      11.6400  7.72742e-08
      11.6500  8.10022e-08
      11.6600  8.89794e-08
      11.6700  8.36720e-08
      11.6800  7.97500e-08
      11.6900  6.27275e-08
      11.7000  4.75941e-08
      11.7100  3.58681e-08
      11.7200  2.63996e-08
      11.7300  1.91885e-08
      11.7400  1.42349e-08
      11.7500  1.15388e-08
      11.7600  1.11001e-08
      11.7700  1.29558e-08
      11.7800  1.51799e-08
      11.7900  1.53826e-08
      11.8000  1.55631e-08
      11.8100  1.27776e-08
      11.8200  1.06111e-08
      11.8300  9.06352e-09
      11.8400  8.13489e-09
      11.8500  7.82519e-09
      11.8600  8.13444e-09
      11.8700  8.38100e-09
      11.8800  9.13596e-09
      11.8900  9.82824e-09
      11.9000  9.13554e-09
      11.9100  8.61236e-09
      11.9200  6.70420e-09
      11.9300  5.04654e-09
      11.9400  3.67522e-09
      11.9500  2.55439e-09
      11.9600  1.75572e-09
      11.9700  1.27922e-09
      11.9800  1.05119e-09
      11.9900  1.10848e-09
      12.0000  1.41425e-09
      12.0100  1.79168e-09
      12.0200  2.32919e-09
      12.0300  2.93836e-09
      12.0400  2.95628e-09
      12.0500  2.93836e-09
      12.0600  2.32919e-09
      12.0700  1.79168e-09
      12.0800  1.37582e-09
      12.0900  1.03163e-09
      12.1000  8.59064e-10
      12.1100  8.58121e-10
      12.1200  1.02880e-09
      12.1300  1.37111e-09
      12.1400  1.88504e-09
      12.1500  3.09716e-09
      12.1600  4.44508e-09
      12.1700  8.18042e-09
      12.1800  1.22876e-08
      12.1900  1.97232e-08
      12.2000  2.97127e-08
      12.2100  4.31805e-08
      12.2200  6.01267e-08
      12.2300  8.05513e-08
      12.2400  1.04454e-07
      12.2500  1.20768e-07
      12.2600  1.38766e-07
      12.2700  1.28991e-07
      12.2800  1.19422e-07
      12.2900  9.30484e-08
      12.3000  7.01031e-08
      12.3100  5.05362e-08
      12.3200  3.43478e-08
      12.3300  2.15378e-08
      12.3400  1.21062e-08
      12.3500  6.05312e-09
      12.3600  2.18195e-09
      12.3700  1.09098e-09
      12.3800  2.17995e-16
      12.3900  2.22364e-16
      12.4000  2.26820e-16
      12.4100  2.31397e-16
      12.4200  2.36096e-16
      12.4300  2.40920e-16
      12.4400  2.45837e-16
      12.4500  2.50854e-16
      12.4600  2.55954e-16
      12.4700  2.61120e-16
      12.4800  2.66383e-16
      12.4900  2.71739e-16
      12.5000  2.77199e-16
      12.5100  2.82771e-16
      12.5200  2.88467e-16
      12.5300  2.94275e-16
      12.5400  3.00225e-16
      12.5500  3.06306e-16
      12.5600  3.12522e-16
      12.5700  3.18880e-16
      12.5800  3.25351e-16
      12.5900  3.31955e-16
      12.6000  3.38681e-16
      12.6100  3.45525e-16
      12.6200  3.52529e-16
      12.6300  3.59669e-16
      12.6400  3.66961e-16
      12.6500  3.74391e-16
      12.6600  3.81954e-16
      12.6700  6.52549e-10
      12.6800  1.30510e-09
      12.6900  3.26274e-09
      12.7000  6.52548e-09
      12.7100  1.10933e-08
      12.7200  1.70001e-08
      12.7300  2.42120e-08
      12.7400  3.27968e-08
      12.7500  4.27545e-08
      12.7600  5.40850e-08
      12.7700  5.47162e-08
      12.7800  5.47626e-08
      12.7900  4.41098e-08
      12.8000  3.48298e-08
      12.8100  2.69227e-08
      12.8200  1.97616e-08
      12.8300  1.38717e-08
      12.8400  8.72788e-09
      12.8500  4.95690e-09
      12.8600  2.55877e-09
      12.8700  1.53351e-09
      12.8800  1.23849e-09
      12.8900  2.98316e-09
      12.9000  6.12056e-09
      12.9100  1.32894e-08
      12.9200  2.44898e-08
      12.9300  3.97967e-08
      12.9400  5.91980e-08
      12.9500  8.28488e-08
      12.9600  1.10943e-07
      12.9700  1.43479e-07
      12.9800  1.68203e-07
      12.9900  1.70974e-07
      13.0000  1.73230e-07
      13.0100  1.55520e-07
      13.0200  1.64765e-07
      13.0300  2.08922e-07
      13.0400  2.77814e-07
      13.0500  3.91928e-07
      13.0600  5.52407e-07
      13.0700  7.61040e-07
      13.0800  1.01783e-06
      13.0900  1.32145e-06
      13.1000  1.46168e-06
      13.1100  1.61366e-06
      13.1200  1.60160e-06
      13.1300  1.43801e-06
      13.1400  1.28728e-06
      13.1500  9.85065e-07
      13.1600  7.28930e-07
      13.1700  5.18780e-07
      13.1800  3.54614e-07
      13.1900  2.36432e-07
      13.2000  1.64235e-07
      13.2100  1.15510e-07
      13.2200  1.01513e-07
      13.2300  1.03965e-07
      13.2400  9.35538e-08
      13.2500  8.67780e-08
      13.2600  6.83161e-08
      13.2700  5.22414e-08
      13.2800  3.86305e-08
      13.2900  2.74834e-08
      13.3000  1.88000e-08
      13.3100  1.25804e-08
      13.3200  8.82449e-09
      13.3300  7.53237e-09
      13.3400  7.94461e-09
      13.3500  7.86717e-09
      13.3600  7.85763e-09
      13.3700  6.86393e-09
      13.3800  5.35353e-09
      13.3900  4.03431e-09
      13.4000  2.90628e-09
      13.4100  1.96943e-09
      13.4200  1.22376e-09
      13.4300  6.69277e-10
      13.4400  5.03261e-10
      13.4500  6.09551e-10
      13.4600  1.18694e-09
      13.4700  2.37847e-09
      13.4800  4.16509e-09
      13.4900  6.50852e-09
      13.5000  9.40877e-09
      13.5100  1.28658e-08
      13.5200  1.68797e-08
      13.5300  2.14504e-08
      13.5400  2.29282e-08
      13.5500  2.28701e-08
      13.5600  1.94757e-08
      13.5700  1.51373e-08
      13.5800  1.13557e-08
      13.5900  8.13100e-09
      13.6000  5.46307e-09
      13.6100  3.35196e-09
      13.6200  1.79767e-09
      13.6300  8.00192e-10
      13.6400  3.59535e-10
      13.6500  8.11265e-11
      13.6600  2.82452e-15
      13.6700  2.88142e-15
      13.6800  2.93916e-15
      13.6900  2.99789e-15
      13.7000  3.05786e-15
      13.7100  3.11890e-15
      13.7200  3.18140e-15
      13.7300  3.24498e-15
      13.7400  3.31014e-15
      13.7500  3.37667e-15
      13.7600  3.19827e-11
      13.7700  1.30857e-10
      13.7800  2.93690e-10
      13.7900  6.54272e-10
      13.8000  1.21260e-09
      13.8100  1.96868e-09
      13.8200  2.92251e-09
      13.8300  4.07409e-09
      13.8400  5.42341e-09
      13.8500  6.97049e-09
      13.8600  8.12369e-09
      13.8700  8.14115e-09
      13.8800  7.56405e-09
      13.8900  5.94715e-09
      13.9000  4.52799e-09
      13.9100  3.30658e-09
      13.9200  2.28292e-09
      13.9300  1.45701e-09
      13.9400  8.28852e-10
      13.9500  3.98439e-10
      13.9600  1.65775e-10
      13.9700  6.69003e-11
      13.9800  5.35363e-15
      13.9900  5.46190e-15
      14.0000  3.66795e-11
      14.0100  2.27223e-09
      14.0200  4.58112e-09
      14.0300  1.13611e-08
      14.0400  2.26122e-08
      14.0500  3.83344e-08
      14.0600  5.85277e-08
      14.0700  8.31921e-08
      14.0800  1.12328e-07
      14.0900  1.45934e-07
      14.1000  1.83333e-07
      14.1100  1.84414e-07
      14.1200  1.82692e-07
      14.1300  1.44761e-07
      14.1400  1.11301e-07
      14.1500  8.23418e-08
      14.1600  5.78856e-08
      14.1700  3.80001e-08
      14.1800  2.28482e-08
      14.1900  1.23701e-08
      14.2000  6.84464e-09
      14.2100  6.19851e-09
      14.2200  6.07062e-09
      14.2300  8.96341e-09
      14.2400  1.26757e-08
      14.2500  1.70331e-08
      14.2600  2.25522e-08
      14.2700  2.85971e-08
      14.2800  3.32648e-08
      14.2900  3.86873e-08
      14.3000  4.34384e-08
      14.3100  5.00983e-08
      14.3200  5.86669e-08
      14.3300  6.42670e-08
      14.3400  6.47100e-08
      14.3500  6.19325e-08
      14.3600  5.78935e-08
      14.3700  5.82620e-08
      14.3800  6.36157e-08
      14.3900  7.36838e-08
      14.4000  9.11538e-08
      14.4100  1.13298e-07
      14.4200  1.45294e-07
      14.4300  1.60925e-07
      14.4400  1.77651e-07
      14.4500  1.76378e-07
      14.4600  1.80042e-07
      14.4700  1.92165e-07
      14.4800  2.12712e-07
      14.4900  2.41682e-07
      14.5000  2.31196e-07
      14.5100  2.21371e-07
      14.5200  1.72090e-07
      14.5300  1.31232e-07
      14.5400  9.59639e-08
      14.5500  6.72889e-08
      14.5600  4.39966e-08
      14.5700  2.58803e-08
      14.5800  1.29402e-08
      14.5900  5.17608e-09
      14.6000  2.58805e-09
      14.6100  1.88509e-14
      14.6200  2.89078e-10
      14.6300  1.48485e-09
      14.6400  3.25873e-09
      14.6500  7.42415e-09
      14.6600  1.40123e-08
      14.6700  2.29920e-08
      14.6800  3.45777e-08
      14.6900  4.86173e-08
      14.7000  6.54149e-08
      14.7100  8.49702e-08
      14.7200  1.01936e-07
      14.7300  1.04018e-07
      14.7400  1.30060e-07
      14.7500  1.42086e-07
      14.7600  2.14830e-07
      14.7700  3.48778e-07
      14.7800  5.40633e-07
      14.7900  7.93330e-07
      14.8000  1.10451e-06
      14.8100  1.47699e-06
      14.8200  1.91077e-06
      14.8300  2.40526e-06
      14.8400  2.41747e-06
      14.8500  2.40167e-06
      14.8600  1.90330e-06
      14.8700  1.46377e-06
      14.8800  1.08312e-06
      14.8900  7.61005e-07
      14.9000  4.97580e-07
      14.9100  2.96198e-07
      14.9200  1.55116e-07
      14.9300  7.95804e-08
      14.9400  7.31132e-08
      14.9500  7.71755e-08
      14.9600  1.21037e-07
      14.9700  1.75427e-07
      14.9800  2.40347e-07
      14.9900  3.15797e-07
      15.0000  4.01775e-07
      15.0100  4.33459e-07
      15.0200  4.32587e-07
      15.0300  3.72138e-07
      15.0400  2.89646e-07
      15.0500  2.17797e-07
      15.0600  1.56521e-07
      15.0700  1.06002e-07
      15.0800  6.63274e-08
      15.0900  3.75914e-08
      15.1000  1.97004e-08
      15.1100  1.28414e-08
      15.1200  2.11112e-08
      15.1300  3.33876e-08
      15.1400  7.01369e-08
      15.1500  1.27502e-07
      15.1600  2.06417e-07
      15.1700  3.05815e-07
      15.1800  4.27102e-07
      15.1900  5.69371e-07
      15.2000  7.34071e-07
      15.2100  9.19814e-07
      15.2200  9.22831e-07
      15.2300  9.15370e-07
      15.2400  7.25307e-07
      15.2500  5.58080e-07
      15.2600  4.13461e-07
      15.2700  2.91476e-07
      15.2800  1.92056e-07
      15.2900  1.15155e-07
      15.3000  6.05880e-08
      15.3100  2.73047e-08
      15.3200  2.26266e-08
      15.3300  1.69296e-08
      15.3400  3.53760e-08
      15.3500  6.71480e-08
      15.3600  1.11959e-07
      15.3700  1.70382e-07
      15.3800  2.42417e-07
      15.3900  3.28065e-07
      15.4000  4.27326e-07
      15.4100  5.40199e-07
      15.4200  5.47095e-07
      15.4300  5.48169e-07
      15.4400  4.43267e-07
      15.4500  3.46547e-07
      15.4600  2.62455e-07
      15.4700  1.86544e-07
      15.4800  1.24123e-07
      15.4900  7.51903e-08
      15.5000  3.97467e-08
      15.5100  1.77921e-08
      15.5200  9.32642e-09
      15.5300  1.43448e-09
      15.5400  5.73864e-10
      15.5500  2.86995e-10
      15.5600  1.26248e-13
      15.5700  5.63929e-10
      15.5800  1.12773e-09
      15.5900  2.81913e-09
      15.6000  5.63813e-09
      15.6100  9.58474e-09
      15.6200  1.46589e-08
      15.6300  2.08607e-08
      15.6400  2.81901e-08
      15.6500  3.66471e-08
      15.6600  4.62317e-08
      15.6700  4.65136e-08
      15.6800  5.62495e-08
      15.6900  5.66826e-08
      15.7000  7.82787e-08
      15.7100  1.21038e-07
      15.7200  1.84960e-07
      15.7300  2.70045e-07
      15.7400  3.78868e-07
      15.7500  5.08853e-07
      15.7600  6.65150e-07
      15.7700  8.47759e-07
      15.7800  8.70223e-07
      15.7900  8.88382e-07
      15.8000  7.46398e-07
      15.8100  6.29597e-07
      15.8200  5.37980e-07
      15.8300  4.71547e-07
      15.8400  3.82674e-07
      15.8500  3.11263e-07
      15.8600  2.17413e-07
      15.8700  1.48747e-07
      15.8800  1.05264e-07
      15.8900  6.69717e-08
      15.9000  4.62093e-08
      15.9100  3.06788e-08
      15.9200  2.51079e-08
      15.9300  2.94966e-08
      15.9400  4.38448e-08
      15.9500  6.49740e-08
      15.9600  9.34884e-08
      15.9700  1.30754e-07
      15.9800  1.76770e-07
      15.9900  2.30764e-07
      16.0000  2.49653e-07
      16.0100  2.69430e-07
      16.0200  2.54226e-07
      16.0300  2.47774e-07
      16.0400  2.50072e-07
      16.0500  2.24680e-07
      16.0600  2.02128e-07
      16.0700  1.52231e-07
      16.0800  1.13130e-07
      16.0900  8.34707e-08
      16.1000  6.72598e-08
      16.1100  5.98116e-08
      16.1200  6.34481e-08
      16.1300  7.58057e-08
      16.1400  9.68842e-08
      16.1500  1.26684e-07
      16.1600  1.61265e-07
      16.1700  1.96207e-07
      16.1800  1.97057e-07
      16.1900  1.90164e-07
      16.2000  1.50465e-07
      16.2100  1.15548e-07
      16.2200  8.59159e-08
      16.2300  6.15691e-08
      16.2400  4.25077e-08
      16.2500  2.87315e-08
      16.2600  2.02405e-08
      16.2700  1.70348e-08
      16.2800  1.84237e-08
      16.2900  2.06618e-08
      16.3000  2.07878e-08
      16.3100  2.06618e-08
      16.3200  2.21547e-08
      16.3300  2.41515e-08
      16.3400  3.82048e-08
      16.3500  6.43146e-08
      16.3600  1.02481e-07
      16.3700  1.52704e-07
      16.3800  2.14983e-07
      16.3900  2.89935e-07
      16.4000  3.76944e-07
      16.4100  4.76738e-07
      16.4200  4.82708e-07
      16.4300  4.84134e-07
      16.4400  3.91485e-07
      16.4500  3.11621e-07
      16.4600  2.44542e-07
      16.4700  1.90249e-07
      16.4800  1.48741e-07
      16.4900  1.08615e-07
      16.5000  7.94259e-08
      16.5100  5.16185e-08
      16.5200  3.65965e-08
      16.5300  2.28072e-08
      16.5400  1.60269e-08
      16.5500  1.04795e-08
      16.5600  6.16479e-09
      16.5700  3.08288e-09
      16.5800  1.23374e-09
      16.5900  6.17376e-10
      16.6000  1.00960e-12
      16.6100  1.02997e-12
      16.6200  1.05072e-12
      16.6300  1.07189e-12
      16.6400  1.09347e-12
      16.6500  4.97999e-11
      16.6600  9.85068e-11
      16.6700  4.26056e-10
      16.6800  8.77738e-10
      16.6900  1.82387e-09
      16.7000  3.32887e-09
      16.7100  5.41599e-09
      16.7200  8.17527e-09
      16.7300  1.16067e-08
      16.7400  1.63086e-08
      16.7500  2.07820e-08
      16.7600  2.69781e-08
      16.7700  3.26767e-08
      16.7800  3.94058e-08
      16.7900  4.78280e-08
      16.8000  6.08744e-08
      16.8100  7.94294e-08
      16.8200  1.03427e-07
      16.8300  1.33699e-07
      16.8400  1.59178e-07
      16.8500  1.89138e-07
      16.8600  2.14207e-07
      16.8700  2.14513e-07
      16.8800  2.11235e-07
      16.8900  1.84269e-07
      16.9000  1.66978e-07
      16.9100  1.61290e-07
      16.9200  1.69260e-07
      16.9300  1.90843e-07
      16.9400  2.26037e-07
      16.9500  2.73648e-07
      16.9600  3.36419e-07
      16.9700  3.37522e-07
      16.9800  3.39539e-07
      16.9900  2.81887e-07
      17.0000  2.36741e-07
      17.0100  4.49226e-07
      17.0200  6.74016e-07
      17.0300  1.40154e-06
      17.0400  2.63787e-06
      17.0500  4.37694e-06
      17.0600  6.59120e-06
      17.0700  9.31388e-06
      17.0800  1.25038e-05
      17.0900  1.62046e-05
      17.1000  2.04124e-05
      17.1100  2.05906e-05
      17.1200  2.05406e-05
      17.1300  1.64609e-05
      17.1400  1.27768e-05
      17.1500  9.58219e-06
      17.1600  6.78234e-06
      17.1700  4.48584e-06
      17.1800  2.69420e-06
      17.1900  1.40601e-06
      17.2000  6.24131e-07
      17.2100  3.50622e-07
      17.2200  8.89896e-08
      17.2300  9.99223e-08
      17.2400  1.33172e-07
      17.2500  1.84062e-07
      17.2600  2.58661e-07
      17.2700  3.50821e-07
      17.2800  4.60581e-07
      17.2900  5.87901e-07
      17.3000  6.80144e-07
      17.3100  6.90447e-07
      17.3200  6.39784e-07
      17.3300  5.13358e-07
      17.3400  3.93076e-07
      17.3500  2.89803e-07
      17.3600  3.99840e-07
      17.3700  5.26884e-07
      17.3800  1.06354e-06
      17.3900  2.00980e-06
      17.4000  3.36333e-06
      17.4100  5.12038e-06
      17.4200  7.27200e-06
      17.4300  9.87214e-06
      17.4400  1.28657e-05
      17.4500  1.63609e-05
      17.4600  1.67188e-05
      17.4700  1.69965e-05
      17.4800  1.41515e-05
      17.4900  1.18152e-05
      17.5000  9.98772e-06
      17.5100  8.66872e-06
      17.5200  7.85883e-06
      17.5300  6.61888e-06
      17.5400  5.73615e-06
      17.5500  4.29067e-06
      17.5600  3.33336e-06
      17.5700  2.35964e-06
      17.5800  1.70260e-06
      17.5900  1.16399e-06
      17.6000  7.49245e-07
      17.6100  4.58373e-07
      17.6200  2.82965e-07
      17.6300  3.50717e-07
      17.6400  4.32467e-07
      17.6500  8.28659e-07
      17.6600  1.46697e-06
      17.6700  2.35347e-06
      17.6800  3.43121e-06
      17.6900  4.74432e-06
      17.7000  6.25761e-06
      17.7100  8.03000e-06
      17.7200  1.00530e-05
      17.7300  1.01106e-05
      17.7400  1.00735e-05
      17.7500  8.07099e-06
      17.7600  6.32331e-06
      17.7700  4.83958e-06
      17.7800  3.60953e-06
      17.7900  2.63969e-06
      17.8000  1.93241e-06
      17.8100  1.32690e-06
      17.8200  9.55606e-07
      17.8300  6.87583e-07
      17.8400  4.38092e-07
      17.8500  3.30780e-07
      17.8600  2.43674e-07
      17.8700  1.76580e-07
      17.8800  1.41414e-07
      17.8900  1.26475e-07
      17.9000  1.56510e-07
      17.9100  2.31682e-07
      17.9200  3.34741e-07
      17.9300  4.46845e-07
      17.9400  5.83197e-07
      17.9500  8.70810e-07
      17.9600  1.19656e-06
      17.9700  1.85295e-06
      17.9800  2.63195e-06
      17.9900  3.72221e-06
      18.0000  4.93807e-06
      18.0100  6.50544e-06
      18.0200  8.43933e-06
      18.0300  1.07247e-05
      18.0400  1.33769e-05
      18.0500  1.36164e-05
      18.0600  1.36064e-05
      18.0700  1.11573e-05
      18.0800  8.86399e-06
      18.0900  6.91342e-06
      18.1000  5.27033e-06
      18.1100  3.97918e-06
      18.1200  2.83941e-06
      18.1300  2.01394e-06
      18.1400  1.37358e-06
      18.1500  1.14541e-06
      18.1600  1.03257e-06
      18.1700  1.16901e-06
      18.1800  1.41138e-06
      18.1900  1.74640e-06
      18.2000  2.17715e-06
      18.2100  2.70055e-06
      18.2200  2.74660e-06
      18.2300  2.76790e-06
      18.2400  2.24510e-06
      18.2500  1.78172e-06
      18.2600  1.33176e-06
      18.2700  9.50347e-07
      18.2800  6.37564e-07
      18.2900  3.93321e-07
      18.3000  2.19154e-07
      18.3100  1.13525e-07
      18.3200  8.26048e-08
      18.3300  6.16746e-08
      18.3400  8.77372e-08
      18.3500  1.14860e-07
      18.3600  2.04070e-07
      18.3700  2.95190e-07
      18.3800  5.05685e-07
      18.3900  8.29032e-07
      18.4000  1.25132e-06
      18.4100  1.79637e-06
      18.4200  2.38309e-06
      18.4300  3.08789e-06
      18.4400  3.86278e-06
      18.4500  4.75613e-06
      18.4600  4.84163e-06
      18.4700  4.88700e-06
      18.4800  3.99149e-06
      18.4900  3.19371e-06
      18.5000  2.38978e-06
      18.5100  1.71092e-06
      18.5200  1.15865e-06
      18.5300  7.25256e-07
      18.5400  4.13827e-07
      18.5500  2.21268e-07
      18.5600  1.46616e-07
      18.5700  9.05195e-08
      18.5800  8.43506e-08
      18.5900  1.38135e-07
      18.6000  1.86174e-07
      18.6100  3.55018e-07
      18.6200  6.44667e-07
      18.6300  1.05512e-06
      18.6400  1.58638e-06
      18.6500  2.23845e-06
      18.6600  3.01132e-06
      18.6700  3.88646e-06
      18.6800  4.87941e-06
      18.6900  4.89072e-06
      18.7000  4.84676e-06
      18.7100  3.83970e-06
      18.7200  2.95466e-06
      18.7300  2.27772e-06
      18.7400  1.72521e-06
      18.7500  1.47537e-06
      18.7600  1.52694e-06
      18.7700  1.88558e-06
      18.7800  2.54615e-06
      18.7900  3.51832e-06
      18.8000  4.67591e-06
      18.8100  6.08705e-06
      18.8200  7.64950e-06
      18.8300  7.76355e-06
      18.8400  7.77481e-06
      18.8500  6.33274e-06
      18.8600  5.09436e-06
      18.8700  3.98162e-06
      18.8800  3.07152e-06
      18.8900  2.26700e-06
      18.9000  1.67173e-06
      18.9100  1.26580e-06
      18.9200  9.74686e-07
      18.9300  9.12922e-07
      18.9400  8.23470e-07
      18.9500  8.96117e-07
      18.9600  1.03351e-06
      18.9700  1.24336e-06
      18.9800  1.43365e-06
      18.9900  1.68066e-06
      19.0000  1.90974e-06
      19.0100  1.88155e-06
      19.0200  1.82875e-06
      19.0300  1.50868e-06
      19.0400  1.21397e-06
      19.0500  9.73857e-07
      19.0600  7.97394e-07
      19.0700  6.75808e-07
      19.0800  6.23048e-07
      19.0900  6.19265e-07
      19.1000  6.70311e-07
      19.1100  7.14237e-07
      19.1200  7.66435e-07
      19.1300  7.02304e-07
      19.1400  6.73807e-07
      19.1500  5.65391e-07
      19.1600  5.37839e-07
      19.1700  5.95333e-07
      19.1800  7.36935e-07
      19.1900  9.78065e-07
      19.2000  1.30250e-06
      19.2100  1.74107e-06
      19.2200  2.28777e-06
      19.2300  2.94518e-06
      19.2400  3.09722e-06
      19.2500  3.25381e-06
      19.2600  2.99488e-06
      19.2700  2.83301e-06
      19.2800  2.94351e-06
      19.2900  3.04857e-06
      19.3000  3.37984e-06
      19.3100  3.70986e-06
      19.3200  4.32149e-06
      19.3300  5.21523e-06
      19.3400  6.39303e-06
      19.3500  7.78433e-06
      19.3600  7.76105e-06
      19.3700  7.68401e-06
      19.3800  6.14238e-06
      19.3900  4.79305e-06
      19.4000  3.61312e-06
      19.4100  2.61288e-06
      19.4200  1.94609e-06
      19.4300  1.47045e-06
      19.4400  1.47548e-06
      19.4500  1.98114e-06
      19.4600  2.98129e-06
      19.4700  4.27005e-06
      19.4800  5.96659e-06
      19.4900  7.94948e-06
      19.5000  1.02388e-05
      19.5100  1.28458e-05
      19.5200  1.29026e-05
      19.5300  1.28141e-05
      19.5400  1.01702e-05
      19.5500  7.84058e-06
      19.5600  5.82483e-06
      19.5700  4.14116e-06
      19.5800  2.79930e-06
      19.5900  1.83324e-06
      19.6000  1.23102e-06
      19.6100  1.00225e-06
      19.6200  1.13798e-06
      19.6300  1.33915e-06
      19.6400  1.75752e-06
      19.6500  2.24545e-06
      19.6600  2.53536e-06
      19.6700  2.58152e-06
      19.6800  2.39501e-06
      19.6900  1.96549e-06
      19.7000  1.60428e-06
      19.7100  1.27543e-06
      19.7200  1.02126e-06
      19.7300  8.41010e-07
      19.7400  7.34853e-07
      19.7500  5.99954e-07
      19.7600  5.31210e-07
      19.7700  4.05292e-07
      19.7800  3.26981e-07
      19.7900  2.96990e-07
      19.8000  2.95858e-07
      19.8100  3.25852e-07
      19.8200  3.85727e-07
      19.8300  4.74463e-07
      19.8400  5.94103e-07
      19.8500  7.44647e-07
      19.8600  7.50708e-07
      19.8700  7.55482e-07
      19.8800  6.15772e-07
      19.8900  4.95868e-07
      19.9000  3.95770e-07
      19.9100  3.34376e-07
      19.9200  2.73876e-07
      19.9300  2.67912e-07
      19.9400  3.01757e-07
      19.9500  3.93205e-07
      19.9600  5.44494e-07
      19.9700  7.37863e-07
      19.9800  9.82191e-07
      19.9900  1.26860e-06
      20.0000  1.59749e-06
      20.0100  1.61885e-06
      20.0200  1.65151e-06
      20.0300  1.37539e-06
      20.0400  1.17066e-06
      20.0500  1.05383e-06
      20.0600  1.01246e-06
      20.0700  1.06278e-06
      20.0800  1.21475e-06
      20.0900  1.46885e-06
      20.1000  1.81759e-06
      20.1100  2.34399e-06
      20.1200  2.46271e-06
      20.1300  2.74285e-06
      20.1400  2.77630e-06
      20.1500  3.02527e-06
      20.1600  3.39607e-06
      20.1700  3.96871e-06
      20.1800  4.67757e-06
      20.1900  5.60981e-06
      20.2000  6.78742e-06
      20.2100  6.78975e-06
      20.2200  6.81582e-06
      20.2300  5.62369e-06
      20.2400  4.66908e-06
      20.2500  3.87728e-06
      20.2600  3.30170e-06
      20.2700  2.82870e-06
      20.2800  2.43205e-06
      20.2900  2.25180e-06
      20.3000  2.17566e-06
      20.3100  2.51747e-06
      20.3200  2.95674e-06
      20.3300  3.58634e-06
      20.3400  4.29201e-06
      20.3500  5.14974e-06
      20.3600  6.28886e-06
      20.3700  7.71302e-06
      20.3800  8.96381e-06
      20.3900  8.99199e-06
      20.4000  8.62570e-06
      20.4100  7.12700e-06
      20.4200  5.91932e-06
      20.4300  4.77384e-06
      20.4400  3.85144e-06
      20.4500  2.98229e-06
      20.4600  2.36136e-06
      20.4700  1.99606e-06
      20.4800  1.71894e-06
      20.4900  1.61829e-06
      20.5000  1.30591e-06
      20.5100  1.10531e-06
      20.5200  8.38674e-07
      20.5300  6.30823e-07
      20.5400  4.65580e-07
      20.5500  3.46633e-07
      20.5600  2.76354e-07
      20.5700  2.43299e-07
      20.5800  2.50315e-07
      20.5900  2.76004e-07
      20.6000  3.31799e-07
      20.6100  4.01500e-07
      20.6200  4.92737e-07
      20.6300  5.98211e-07
      20.6400  5.99116e-07
      20.6500  6.00449e-07
      20.6600  4.97419e-07
      20.6700  4.16999e-07
      20.6800  3.65669e-07
      20.6900  3.17933e-07
      20.7000  3.03740e-07
      20.7100  3.07622e-07
      20.7200  3.46071e-07
      20.7300  4.18126e-07
      20.7400  5.29868e-07
      20.7500  6.18367e-07
      20.7600  7.39774e-07
      20.7700  8.51654e-07
      20.7800  8.55250e-07
      20.7900  8.70679e-07
      20.8000  7.77331e-07
      20.8100  7.17826e-07
      20.8200  6.92418e-07
      20.8300  6.99941e-07
      20.8400  6.39914e-07
      20.8500  5.98655e-07
      20.8600  4.86055e-07
      20.8700  4.07019e-07
      20.8800  3.57747e-07
      20.8900  3.39200e-07
      20.9000  3.85071e-07
      20.9100  4.74907e-07
      20.9200  6.11914e-07
      20.9300  8.12067e-07
      20.9400  1.05749e-06
      20.9500  1.35898e-06
      20.9600  1.71303e-06
      20.9700  1.87169e-06
      20.9800  2.03678e-06
      20.9900  2.00749e-06
      21.0000  1.80157e-06
      21.0100  1.61562e-06
      21.0200  1.25345e-06
      21.0300  9.46724e-07
      21.0400  7.50112e-07
      21.0500  6.05233e-07
      21.0600  6.22168e-07
      21.0700  7.96465e-07
      21.0800  1.11798e-06
      21.0900  1.58702e-06
      21.1000  2.18107e-06
      21.1100  2.89829e-06
      21.1200  3.72759e-06
      21.1300  4.68863e-06
      21.1400  4.83809e-06
      21.1500  4.97261e-06
      21.1600  4.29752e-06
      21.1700  3.76232e-06
      21.1800  3.12989e-06
      21.1900  2.59886e-06
      21.2000  1.94098e-06
      21.2100  1.41435e-06
      21.2200  9.77756e-07
      21.2300  6.73865e-07
      21.2400  4.77230e-07
      21.2500  3.05898e-07
      21.2600  2.07350e-07
      21.2700  1.35785e-07
      21.2800  1.10527e-07
      21.2900  8.98611e-08
      21.3000  1.15750e-07
      21.3100  1.70014e-07
      21.3200  2.56912e-07
      21.3300  3.72906e-07
      21.3400  5.20959e-07
      21.3500  6.97109e-07
      21.3600  9.04575e-07
      21.3700  1.14353e-06
      21.3800  1.16386e-06
      21.3900  1.17504e-06
      21.4000  9.67828e-07
      21.4100  7.91604e-07
      21.4200  6.47309e-07
      21.4300  5.34370e-07
      21.4400  4.21667e-07
      21.4500  3.41021e-07
      21.4600  2.62733e-07
      21.4700  2.27873e-07
      21.4800  2.32034e-07
      21.4900  2.57492e-07
      21.5000  3.18840e-07
      21.5100  3.96250e-07
      21.5200  4.57182e-07
      21.5300  5.21712e-07
      21.5400  5.66611e-07
      21.5500  6.06187e-07
      21.5600  6.61921e-07
      21.5700  6.30748e-07
      21.5800  6.07983e-07
      21.5900  5.23437e-07
      21.6000  4.62952e-07
      21.6100  4.41182e-07
      21.6200  4.47566e-07
      21.6300  5.16937e-07
      21.6400  6.30273e-07
      21.6500  8.14271e-07
      21.6600  1.06673e-06
      21.6700  1.38845e-06
      21.6800  1.73720e-06
      21.6900  2.03024e-06
      21.7000  2.12462e-06
      21.7100  2.07261e-06
      21.7200  1.86649e-06
      21.7300  1.57899e-06
      21.7400  1.34400e-06
      21.7500  1.10279e-06
      21.7600  9.40648e-07
      21.7700  8.57012e-07
      21.7800  8.53000e-07
      21.7900  8.52094e-07
      21.8000  9.05733e-07
      21.8100  9.33775e-07
      21.8200  9.27218e-07
      21.8300  9.06627e-07
      21.8400  8.48411e-07
      21.8500  8.44001e-07
      21.8600  9.03502e-07
      21.8700  1.05772e-06
      21.8800  1.29801e-06
      21.8900  1.63469e-06
      21.9000  2.03706e-06
      21.9100  2.53900e-06
      21.9200  2.66893e-06
      21.9300  2.82682e-06
      21.9400  2.64819e-06
      21.9500  2.36191e-06
      21.9600  2.13914e-06
      21.9700  1.80705e-06
      21.9800  1.57114e-06
      21.9900  1.43436e-06
      22.0000  1.39320e-06
      22.0100  1.25194e-06
      22.0200  1.18018e-06
      22.0300  9.57364e-07
      22.0400  7.98510e-07
      22.0500  6.92959e-07
      22.0600  6.11107e-07
      22.0700  5.82175e-07
      22.0800  5.95084e-07
      22.0900  6.05813e-07
      22.1000  6.49157e-07
      22.1100  7.11596e-07
      22.1200  8.27302e-07
      22.1300  9.74906e-07
      22.1400  1.16948e-06
      22.1500  1.33519e-06
      22.1600  1.55674e-06
      22.1700  1.79155e-06
      22.1800  2.08962e-06
      22.1900  2.06867e-06
      22.2000  2.01940e-06
      22.2100  1.63249e-06
      22.2200  1.27814e-06
      22.2300  9.69996e-07
      22.2400  7.14415e-07
      22.2500  5.15083e-07
      22.2600  3.64303e-07
      22.2700  2.64778e-07
      22.2800  2.19735e-07
      22.2900  2.23245e-07
      22.3000  2.32265e-07
      22.3100  2.76648e-07
      22.3200  3.24057e-07
      22.3300  3.72730e-07
      22.3400  4.34579e-07
      22.3500  5.00226e-07
      22.3600  5.87963e-07
      22.3700  6.98272e-07
      22.3800  7.30181e-07
      22.3900  7.66892e-07
      22.4000  7.33892e-07
      22.4100  7.47544e-07
      22.4200  8.02997e-07
      22.4300  8.66971e-07
      22.4400  9.92234e-07
      22.4500  1.13479e-06
      22.4600  1.34929e-06
      22.4700  1.63436e-06
      22.4800  1.83373e-06
      22.4900  2.07028e-06
      22.5000  2.21521e-06
      22.5100  2.15900e-06
      22.5200  2.05623e-06
      22.5300  1.71820e-06
      22.5400  1.37327e-06
      22.5500  1.06596e-06
      22.5600  8.26986e-07
      22.5700  6.55387e-07
      22.5800  5.54211e-07
      22.5900  5.06075e-07
      22.6000  5.43961e-07
      22.6100  6.09505e-07
      22.6200  7.43842e-07
      22.6300  9.33618e-07
      22.6400  1.11595e-06
      22.6500  1.35688e-06
      22.6600  1.56051e-06
      22.6700  1.84092e-06
      22.6800  2.17199e-06
      22.6900  2.58526e-06
      22.7000  2.63080e-06
      22.7100  2.68525e-06
      22.7200  2.38055e-06
      22.7300  2.14282e-06
      22.7400  1.94779e-06
      22.7500  1.72387e-06
      22.7600  1.52324e-06
      22.7700  1.30446e-06
      22.7800  1.17262e-06
      22.7900  1.12608e-06
      22.8000  1.17657e-06
      22.8100  1.28097e-06
      22.8200  1.24633e-06
      22.8300  1.22993e-06
      22.8400  1.04682e-06
      22.8500  9.10271e-07
      22.8600  8.16181e-07
      22.8700  7.16772e-07
      22.8800  6.46508e-07
      22.8900  5.16184e-07
      22.9000  4.14252e-07
      22.9100  3.02620e-07
      22.9200  2.27065e-07
      22.9300  1.65105e-07
      22.9400  1.30307e-07
      22.9500  1.08836e-07
      22.9600  1.02854e-07
      22.9700  1.12400e-07
      22.9800  1.36107e-07
      22.9900  1.72708e-07
      23.0000  2.16349e-07
      23.0100  2.36925e-07
      23.0200  2.58416e-07
      23.0300  2.55296e-07
      23.0400  2.65892e-07
      23.0500  2.89548e-07
      23.0600  3.27848e-07
      23.0700  3.80051e-07
      23.0800  3.72417e-07
      23.0900  3.66628e-07
      23.1000  3.01121e-07
      23.1100  2.49599e-07
      23.1200  2.08308e-07
      23.1300  1.78315e-07
      23.1400  1.42271e-07
      23.1500  1.12914e-07
      23.1600  7.77957e-08
      23.1700  5.25800e-08
      23.1800  3.75599e-08
      23.1900  2.47363e-08
      23.2000  1.80888e-08
      23.2100  1.35979e-08
      23.2200  1.12636e-08
      23.2300  1.29727e-08
      23.2400  1.67688e-08
      23.2500  2.55200e-08
      23.2600  3.58990e-08
      23.2700  5.36109e-08
      23.2800  7.37181e-08
      23.2900  1.06512e-07
      23.3000  1.50379e-07
      23.3100  2.09371e-07
      23.3200  2.85137e-07
      23.3300  3.44028e-07
      23.3400  4.21254e-07
      23.3500  4.69711e-07
      23.3600  5.48142e-07
      23.3700  6.07002e-07
      23.3800  6.93862e-07
      23.3900  7.30587e-07
      23.4000  7.80798e-07
      23.4100  8.20021e-07
      23.4200  8.80044e-07
      23.4300  9.54473e-07
      23.4400  9.24858e-07
      23.4500  8.65451e-07
      23.4600  7.04227e-07
      23.4700  5.55366e-07
      23.4800  4.35892e-07
      23.4900  3.50968e-07
      23.5000  2.90477e-07
      23.5100  2.49000e-07
      23.5200  2.33391e-07
      23.5300  2.24300e-07
      23.5400  2.37881e-07
      23.5500  2.53437e-07
      23.5600  2.43794e-07
      23.5700  2.37864e-07
      23.5800  1.99513e-07
      23.5900  1.70107e-07
      23.6000  1.49841e-07
      23.6100  1.37747e-07
      23.6200  1.29123e-07
      23.6300  1.12315e-07
      23.6400  1.03223e-07
      23.6500  8.62892e-08
      23.6600  9.15584e-08
      23.6700  1.16219e-07
      23.6800  1.60824e-07
      23.6900  2.26524e-07
      23.7000  3.13317e-07
      23.7100  4.21205e-07
      23.7200  5.50102e-07
      23.7300  6.99924e-07
      23.7400  7.26916e-07
      23.7500  7.51335e-07
      23.7600  6.57140e-07
      23.7700  5.55490e-07
      23.7800  4.76440e-07
      23.7900  3.95535e-07
      23.8000  3.44274e-07
      23.8100  3.22659e-07
      23.8200  3.30689e-07
      23.8300  3.62172e-07
      23.8400  3.95243e-07
      23.8500  4.29293e-07
      23.8600  4.14486e-07
      23.8700  3.89100e-07
      23.8800  3.34134e-07
      23.8900  2.80641e-07
      23.9000  2.43309e-07
      23.9100  2.25167e-07
      23.9200  2.26216e-07
      23.9300  2.46919e-07
      23.9400  2.86143e-07
      23.9500  2.92170e-07
      23.9600  3.07468e-07
      23.9700  2.92705e-07
      23.9800  2.89943e-07
      23.9900  2.87171e-07
      24.0000  3.06013e-07
      24.0100  3.24765e-07
      24.0200  3.71448e-07
      24.0300  4.37488e-07
      24.0400  5.30070e-07
      24.0500  6.39497e-07
      24.0600  7.70974e-07
      24.0700  7.73073e-07
      24.0800  7.81706e-07
      24.0900  6.44955e-07
      24.1000  5.41933e-07
      24.1100  4.61044e-07
      24.1200  4.17180e-07
      24.1300  4.10338e-07
      24.1400  4.40074e-07
      24.1500  5.01143e-07
      24.1600  5.99411e-07
      24.1700  7.29359e-07
      24.1800  7.30952e-07
      24.1900  7.36413e-07
      24.2000  6.10793e-07
      24.2100  5.18504e-07
      24.2200  4.53633e-07
      24.2300  4.37983e-07
      24.2400  4.62647e-07
      24.2500  5.35088e-07
      24.2600  6.23396e-07
      24.2700  7.56771e-07
      24.2800  9.23305e-07
      24.2900  1.06364e-06
      24.3000  1.25111e-06
      24.3100  1.22716e-06
      24.3200  1.21895e-06
      24.3300  1.05750e-06
      24.3400  9.44505e-07
      24.3500  8.78987e-07
      24.3600  8.61432e-07
      24.3700  8.88775e-07
      24.3800  8.07172e-07
      24.3900  7.45309e-07
      24.4000  5.71527e-07
      24.4100  4.39481e-07
      24.4200  3.33492e-07
      24.4300  2.64461e-07
      24.4400  2.21487e-07
      24.4500  2.04570e-07
      24.4600  2.13711e-07
      24.4700  2.48908e-07
      24.4800  3.10162e-07
      24.4900  3.80701e-07
      24.5000  3.87382e-07
      24.5100  3.89421e-07
      24.5200  3.23820e-07
      24.5300  2.96256e-07
      24.5400  2.87188e-07
      24.5500  3.36681e-07
      24.5600  4.44734e-07
      24.5700  6.11428e-07
      24.5800  8.36683e-07
      24.5900  1.12449e-06
      24.6000  1.39045e-06
      24.6100  1.70042e-06
      24.6200  1.98881e-06
      24.6300  1.96316e-06
      24.6400  1.93354e-06
      24.6500  1.59406e-06
      24.6600  1.31662e-06
      24.6700  1.09844e-06
      24.6800  9.43522e-07
      24.6900  7.79706e-07
      24.7000  6.66432e-07
      24.7100  5.37114e-07
      24.7200  4.34188e-07
      24.7300  3.80089e-07
      24.7400  3.09238e-07
      24.7500  2.73267e-07
      24.7600  2.27518e-07
      24.7700  1.94324e-07
      24.7800  1.50400e-07
      24.7900  1.21334e-07
      24.8000  9.79843e-08
      24.8100  8.58581e-08
      24.8200  8.67155e-08
      24.8300  9.26757e-08
      24.8400  1.14162e-07
      24.8500  1.31126e-07
      24.8600  1.58937e-07
      24.8700  1.79729e-07
      24.8800  2.13037e-07
      24.8900  2.57575e-07
      24.9000  3.13375e-07
      24.9100  3.80346e-07
      24.9200  3.77058e-07
      24.9300  3.71685e-07
      24.9400  2.96053e-07
      24.9500  2.32223e-07
      24.9600  1.77516e-07
      24.9700  1.31288e-07
      24.9800  9.61286e-08
      24.9900  6.84538e-08
      25.0000  5.34758e-08
      25.0100  5.31663e-08
      25.0200  6.57391e-08
      25.0300  8.64171e-08
      25.0400  1.19795e-07
      25.0500  1.48689e-07
      25.0600  1.83812e-07
      25.0700  2.14450e-07
      25.0800  2.33603e-07
      25.0900  2.57739e-07
      25.1000  3.06409e-07
      25.1100  3.24700e-07
      25.1200  4.25036e-07
      25.1300  5.70227e-07
      25.1400  8.13663e-07
      25.1500  1.15716e-06
      25.1600  1.59935e-06
      25.1700  2.14090e-06
      25.1800  2.78114e-06
      25.1900  3.51796e-06
      25.2000  3.65618e-06
      25.2100  3.77794e-06
      25.2200  3.14025e-06
      25.2300  2.57154e-06
      25.2400  1.93947e-06
      25.2500  1.39956e-06
      25.2600  9.51790e-07
      25.2700  5.96175e-07
      25.2800  3.42851e-07
      25.2900  1.81678e-07
      25.3000  1.32934e-07
      25.3100  1.20778e-07
      25.3200  1.83324e-07
      25.3300  2.65637e-07
      25.3400  3.76700e-07
      25.3500  5.08104e-07
      25.3600  6.59848e-07
      25.3700  8.31932e-07
      25.3800  8.36784e-07
      25.3900  8.31560e-07
      25.4000  6.59103e-07
      25.4100  5.07459e-07
      25.4200  3.76093e-07
      25.4300  2.66071e-07
      25.4400  1.77476e-07
      25.4500  1.10282e-07
      25.4600  6.50131e-08
      25.4700  4.15545e-08
      25.4800  4.05283e-08
      25.4900  4.12617e-08
      25.5000  5.46835e-08
      25.5100  6.19133e-08
      25.5200  7.86355e-08
      25.5300  8.75173e-08
      25.5400  1.68651e-07
      25.5500  2.75270e-07
      25.5600  5.09348e-07
      25.5700  9.04007e-07
      25.5800  1.43956e-06
      25.5900  2.14547e-06
      25.6000  3.01562e-06
      25.6100  4.05732e-06
      25.6200  5.12032e-06
      25.6300  6.33294e-06
      25.6400  6.53365e-06
      25.6500  6.59452e-06
      25.6600  5.79897e-06
      25.6700  4.87137e-06
      25.6800  4.13947e-06
      25.6900  3.43648e-06
      25.7000  2.96211e-06
      25.7100  2.72194e-06
      25.7200  2.61088e-06
      25.7300  2.64099e-06
      25.7400  2.53613e-06
      25.7500  2.42423e-06
      25.7600  2.21253e-06
      25.7700  2.20053e-06
      25.7800  2.29757e-06
      25.7900  2.57886e-06
      25.8000  3.00854e-06
      25.8100  3.49810e-06
      25.8200  4.14007e-06
      25.8300  4.83215e-06
      25.8400  4.71606e-06
      25.8500  4.58196e-06
      25.8600  3.61766e-06
      25.8700  2.79513e-06
      25.8800  2.11746e-06
      25.8900  1.57907e-06
      25.9000  1.18314e-06
      25.9100  9.27267e-07
      25.9200  8.00365e-07
      25.9300  8.08734e-07
      25.9400  9.44324e-07
      25.9500  9.12356e-07
      25.9600  9.24315e-07
      25.9700  7.69358e-07
      25.9800  6.27154e-07
      25.9900  5.07417e-07
      26.0000  3.88010e-07
      26.0100  3.05065e-07
      26.0200  2.33545e-07
      26.0300  2.17700e-07
      26.0400  2.57556e-07
      26.0500  3.55523e-07
      26.0600  4.86463e-07
      26.0700  6.65405e-07
      26.0800  8.80543e-07
      26.0900  1.13274e-06
      26.1000  1.42263e-06
      26.1100  1.43005e-06
      26.1200  1.42193e-06
      26.1300  1.13118e-06
      26.1400  8.75813e-07
      26.1500  6.54248e-07
      26.1600  4.64983e-07
      26.1700  3.08848e-07
      26.1800  1.84939e-07
      26.1900  9.58578e-08
      26.2000  4.50529e-08
      26.2100  2.90756e-08
      26.2200  2.04253e-08
      26.2300  3.69886e-08
      26.2400  6.08789e-08
      26.2500  9.34718e-08
      26.2600  1.34631e-07
      26.2700  1.84131e-07
      26.2800  2.42051e-07
      26.2900  3.08244e-07
      26.3000  3.18910e-07
      26.3100  3.27503e-07
      26.3200  2.80569e-07
      26.3300  2.44609e-07
      26.3400  2.14859e-07
      26.3500  2.11508e-07
      26.3600  2.47282e-07
      26.3700  3.22181e-07
      26.3800  4.71014e-07
      26.3900  6.58972e-07
      26.4000  9.55893e-07
      26.4100  1.35499e-06
      26.4200  1.85983e-06
      26.4300  2.18223e-06
      26.4400  2.55993e-06
      26.4500  2.75452e-06
      26.4600  3.05067e-06
      26.4700  3.44840e-06
      26.4800  3.30372e-06
      26.4900  3.15618e-06
      26.5000  2.46217e-06
      26.5100  1.86320e-06
      26.5200  1.36081e-06
      26.5300  9.54381e-07
      26.5400  6.19395e-07
      26.5500  3.71251e-07
      26.5600  1.94653e-07
      26.5700  8.99362e-08
      26.5800  5.70441e-08
      26.5900  2.66013e-08
      26.6000  3.38063e-08
      26.6100  3.84950e-08
      26.6200  4.35472e-08
      26.6300  4.58575e-08
      26.6400  4.71901e-08
      26.6500  4.87031e-08
      26.6600  4.99613e-08
      26.6700  4.82445e-08
      26.6800  4.54356e-08
      26.6900  4.07142e-08
      26.7000  3.30675e-08
      26.7100  2.70448e-08
      26.7200  2.01223e-08
      26.7300  1.48512e-08
      26.7400  1.10240e-08
      26.7500  8.38431e-09
      26.7600  6.88581e-09
      26.7700  6.50040e-09
      26.7800  6.77918e-09
      26.7900  6.38597e-09
      26.8000  8.26303e-09
      26.8100  9.11009e-09
      26.8200  1.43189e-08
      26.8300  2.37599e-08
      26.8400  3.74332e-08
      26.8500  5.53387e-08
      26.8600  7.74765e-08
      26.8700  1.03847e-07
      26.8800  1.34449e-07
      26.8900  1.67654e-07
      26.9000  1.68514e-07
      26.9100  1.66039e-07
      26.9200  1.31484e-07
      26.9300  1.01014e-07
      26.9400  7.87613e-08
      26.9500  6.05943e-08
      26.9600  7.70456e-08
      26.9700  1.05843e-07
      26.9800  1.91531e-07
      26.9900  3.34110e-07
      27.0000  5.33461e-07
      27.0100  7.85704e-07
      27.0200  1.09282e-06
      27.0300  1.45286e-06
      27.0400  1.78941e-06
      27.0500  2.16649e-06
      27.0600  2.10805e-06
      27.0700  2.03570e-06
      27.0800  1.60424e-06
      27.0900  1.22570e-06
      27.1000  9.12269e-07
      27.1100  6.51585e-07
      27.1200  4.69989e-07
      27.1300  3.67814e-07
      27.1400  3.46508e-07
      27.1500  3.97812e-07
      27.1600  5.25855e-07
      27.1700  6.85473e-07
      27.1800  8.95428e-07
      27.1900  1.14047e-06
      27.2000  1.17545e-06
      27.2100  1.20564e-06
      27.2200  1.01232e-06
      27.2300  8.51805e-07
      27.2400  7.12864e-07
      27.2500  6.08894e-07
      27.2600  5.39895e-07
      27.2700  4.40928e-07
      27.2800  3.66402e-07
      27.2900  2.61909e-07
      27.3000  1.92387e-07
      27.3100  1.31332e-07
      27.3200  1.12361e-07
      27.3300  1.00410e-07
      27.3400  1.36930e-07
      27.3500  2.21198e-07
      27.3600  3.53214e-07
      27.3700  5.32977e-07
      27.3800  7.53468e-07
      27.3900  1.01820e-06
      27.4000  1.32365e-06
      27.4100  1.66984e-06
      27.4200  1.68002e-06
      27.4300  1.66984e-06
      27.4400  1.33653e-06
      27.4500  1.04394e-06
      27.4600  8.17834e-07
      27.4700  6.60212e-07
      27.4800  5.69064e-07
      27.4900  5.48419e-07
      27.5000  5.98276e-07
      27.5100  7.18636e-07
      27.5200  9.11253e-07
      27.5300  1.13364e-06
      27.5400  1.17153e-06
      27.5500  1.20409e-06
      27.5600  1.03301e-06
      27.5700  8.57950e-07
      27.5800  7.12607e-07
      27.5900  5.76638e-07
      27.6000  4.81679e-07
      27.6100  4.55228e-07
      27.6200  4.64611e-07
      27.6300  5.69583e-07
      27.6400  7.32615e-07
      27.6500  9.82150e-07
      27.6600  1.30814e-06
      27.6700  1.71691e-06
      27.6800  2.18523e-06
      27.6900  2.53671e-06
      27.7000  2.84094e-06
      27.7100  2.80745e-06
      27.7200  2.72169e-06
      27.7300  2.30999e-06
      27.7400  1.95077e-06
      27.7500  1.47400e-06
      27.7600  1.09429e-06
      27.7700  8.17471e-07
      27.7800  6.44674e-07
      27.7900  5.74894e-07
      27.8000  5.86365e-07
      27.8100  6.78713e-07
      27.8200  8.21795e-07
      27.8300  1.02285e-06
      27.8400  1.08417e-06
      27.8500  1.08046e-06
      27.8600  9.27862e-07
      27.8700  7.23715e-07
      27.8800  5.46228e-07
      27.8900  3.93663e-07
      27.9000  2.68283e-07
      27.9100  1.70001e-07
      27.9200  9.94981e-08
      27.9300  5.58819e-08
      27.9400  4.04619e-08
      27.9500  3.54079e-08
      27.9600  3.68819e-08
      27.9700  4.30970e-08
      27.9800  5.11916e-08
      27.9900  6.05270e-08
      28.0000  7.92687e-08
      28.0100  1.08761e-07
      28.0200  1.36755e-07
      28.0300  1.73992e-07
      28.0400  2.14360e-07
      28.0500  2.65738e-07
      28.0600  3.34173e-07
      28.0700  4.19184e-07
      28.0800  4.36841e-07
      28.0900  4.57396e-07
      28.1000  4.10774e-07
      28.1100  3.80468e-07
      28.1200  3.67403e-07
      28.1300  3.70314e-07
      28.1400  3.33853e-07
      28.1500  3.05332e-07
      28.1600  2.36850e-07
      28.1700  1.86414e-07
      28.1800  1.54024e-07
      28.1900  1.30589e-07
      28.2000  1.12904e-07
      28.2100  1.02918e-07
      28.2200  9.41351e-08
      28.2300  9.43084e-08
      28.2400  1.03438e-07
      28.2500  9.79792e-08
      28.2600  9.54229e-08
      28.2700  7.99360e-08
      28.2800  7.08230e-08
      28.2900  6.80839e-08
      28.3000  7.17187e-08
      28.3100  8.39467e-08
      28.3200  2.45584e-07
      28.3300  4.18873e-07
      28.3400  8.90721e-07
      28.3500  1.63048e-06
      28.3600  2.66035e-06
      28.3700  3.95687e-06
      28.3800  5.54848e-06
      28.3900  7.43658e-06
      28.4000  9.62117e-06
      28.4100  1.20457e-05
      28.4200  1.21036e-05
      28.4300  1.19711e-05
      28.4400  9.48114e-06
      28.4500  7.28769e-06
      28.4600  5.38879e-06
      28.4700  3.78457e-06
      28.4800  2.47623e-06
      28.4900  1.46753e-06
      28.5000  7.54654e-07
      28.5100  3.45338e-07
      28.5200  2.33466e-07
      28.5300  1.35184e-07
      28.5400  1.91712e-07
      28.5500  2.58816e-07
      28.5600  3.12645e-07
      28.5700  3.76020e-07
      28.5800  4.25721e-07
      28.5900  4.18931e-07
      28.6000  4.15149e-07
      28.6100  3.54955e-07
      28.6200  3.09845e-07
      28.6300  2.80334e-07
      28.6400  2.50698e-07
      28.6500  2.33930e-07
      28.6600  2.17939e-07
      28.6700  1.88414e-07
      28.6800  1.69389e-07
      28.6900  1.37555e-07
      28.7000  1.11325e-07
      28.7100  9.45366e-08
      28.7200  8.33264e-08
      28.7300  6.82016e-08
      28.7400  5.71153e-08
      28.7500  4.48119e-08
      28.7600  3.82858e-08
      28.7700  4.43350e-08
      28.7800  6.23053e-08
      28.7900  9.36083e-08
      28.8000  1.36832e-07
      28.8100  1.91977e-07
      28.8200  2.60606e-07
      28.8300  3.41156e-07
      28.8400  4.35727e-07
      28.8500  4.64507e-07
      28.8600  4.73830e-07
      28.8700  4.13532e-07
      28.8800  3.46802e-07
      28.8900  2.94093e-07
      28.9000  2.55405e-07
      28.9100  2.30737e-07
      28.9200  1.91176e-07
      28.9300  1.60946e-07
      28.9400  1.16745e-07
      28.9500  8.65653e-08
      28.9600  6.35677e-08
      28.9700  5.54118e-08
      28.9800  5.33328e-08
      28.9900  6.72820e-08
      29.0000  9.72597e-08
      29.0100  1.47488e-07
      29.0200  2.13744e-07
      29.0300  3.01597e-07
      29.0400  3.95630e-07
      29.0500  5.09083e-07
      29.0600  6.31400e-07
      29.0700  6.74650e-07
      29.0800  7.31334e-07
      29.0900  7.16497e-07
      29.1000  7.33066e-07
      29.1100  7.03026e-07
      29.1200  6.94587e-07
      29.1300  6.37677e-07
      29.1400  6.08458e-07
      29.1500  5.99687e-07
      29.1600  5.54910e-07
      29.1700  5.26976e-07
      29.1800  4.70188e-07
      29.1900  4.32811e-07
      29.2000  4.13505e-07
      29.2100  4.32934e-07
      29.2200  4.75430e-07
      29.2300  5.70434e-07
      29.2400  7.06013e-07
      29.2500  8.89113e-07
      29.2600  1.11176e-06
      29.2700  1.37596e-06
      29.2800  1.46683e-06
      29.2900  1.46702e-06
      29.3000  1.27380e-06
      29.3100  1.01927e-06
      29.3200  7.88692e-07
      29.3300  5.90140e-07
      29.3400  4.14710e-07
      29.3500  2.76196e-07
      29.3600  1.75073e-07
      29.3700  1.10865e-07
      29.3800  7.51655e-08
      29.3900  5.14074e-08
      29.4000  3.39224e-08
      29.4100  2.45280e-08
      29.4200  1.76365e-08
      29.4300  1.18403e-08
      29.4400  7.75014e-09
      29.4500  4.56891e-09
      29.4600  2.42451e-09
      29.4700  1.18907e-09
      29.4800  1.11837e-09
      29.4900  1.34474e-09
      29.5000  2.28137e-09
      29.5100  3.55637e-09
      29.5200  2.65142e-08
      29.5300  5.63113e-08
      29.5400  1.29136e-07
      29.5500  2.57989e-07
      29.5600  4.40506e-07
      29.5700  6.78668e-07
      29.5800  9.70493e-07
      29.5900  1.31758e-06
      29.6000  1.72058e-06
      29.6100  2.17884e-06
      29.6200  2.29825e-06
      29.6300  2.28940e-06
      29.6400  1.92220e-06
      29.6500  1.49076e-06
      29.6600  1.11536e-06
      29.6700  7.95721e-07
      29.6800  5.31988e-07
      29.6900  3.24027e-07
      29.7000  1.71758e-07
      29.7100  7.52202e-08
      29.7200  3.46575e-08
      29.7300  7.09658e-09
      29.7400  1.44871e-09
      29.7500  2.87029e-09
      29.7600  4.86046e-09
      29.7700  7.41922e-09
      29.7800  1.05466e-08
      29.7900  1.42425e-08
      29.8000  1.85070e-08
      29.8100  2.33401e-08
      29.8200  2.34824e-08
      29.8300  2.33404e-08
      29.8400  1.85075e-08
      29.8500  1.42432e-08
      29.8600  1.26675e-08
      29.8700  1.16605e-08
      29.8800  1.59065e-08
      29.8900  2.49611e-08
      29.9000  3.97132e-08
      29.9100  6.01627e-08
      29.9200  8.63097e-08
      29.9300  1.17586e-07
      29.9400  1.54274e-07
      29.9500  1.96092e-07
      29.9600  2.04397e-07
      29.9700  2.11470e-07
      29.9800  1.77389e-07
      29.9900  1.48260e-07
      30.0000  1.17197e-07
      30.0100  9.24202e-08
      30.0200  7.39301e-08
      30.0300  6.17264e-08
      30.0400  5.61004e-08
      30.0500  5.67608e-08
      30.0600  5.35816e-08
      30.0700  5.12945e-08
      30.0800  4.30477e-08
      30.0900  3.65407e-08
      30.1000  3.22178e-08
      30.1100  2.96348e-08
      30.1200  2.87915e-08
      30.1300  2.96881e-08
      30.1400  2.69396e-08
      30.1500  2.53829e-08
      30.1600  2.01812e-08
      30.1700  1.62120e-08
      30.1800  1.40540e-08
      30.1900  1.31286e-08
      30.2000  1.34356e-08
      30.2100  1.49751e-08
      30.2200  1.82576e-08
      30.2300  2.66687e-08
      30.2400  1.32272e-07
      30.2500  2.41409e-07
      30.2600  5.49244e-07
      30.2700  1.05068e-06
      30.2800  2.56175e-06
      30.2900  4.27262e-06
      30.3000  7.80339e-06
      30.3100  1.31541e-05
      30.3200  2.03152e-05
      30.3300  2.92226e-05
      30.3400  3.81724e-05
      30.3500  4.85836e-05
      30.3600  5.90567e-05
      30.3700  7.13459e-05
      30.3800  7.04672e-05
      30.3900  6.89759e-05
      30.4000  5.43191e-05
      30.4100  4.14825e-05
      30.4200  3.04682e-05
      30.4300  2.12762e-05
      30.4400  1.38997e-05
      30.4500  8.15228e-06
      30.4600  4.12492e-06
      30.4700  1.72291e-06
      30.4800  9.46372e-07
      30.4900  1.73511e-07
      30.5000  1.93052e-07
      30.5100  2.01641e-07
      30.5200  1.86103e-07
      30.5300  1.64700e-07
      30.5400  1.44901e-07
      30.5500  1.31752e-07
      30.5600  1.23021e-07
      30.5700  1.14644e-07
      30.5800  1.00717e-07
      30.5900  8.55866e-08
      30.6000  6.88347e-08
      30.6100  5.63812e-08
      30.6200  4.94212e-08
      30.6300  4.67530e-08
      30.6400  4.80172e-08
      30.6500  5.29409e-08
      30.6600  6.15241e-08
      30.6700  6.45039e-08
      30.6800  6.87134e-08
      30.6900  6.20714e-08
      30.7000  5.85197e-08
      30.7100  5.38054e-08
      30.7200  5.28801e-08
      30.7300  5.74686e-08
      30.7400  6.58460e-08
      30.7500  8.14621e-08
      30.7600  1.06777e-07
      30.7700  1.22979e-07
      30.7800  1.47557e-07
      30.7900  1.64378e-07
      30.8000  1.91917e-07
      30.8100  2.27604e-07
      30.8200  2.74558e-07
      30.8300  3.00870e-07
      30.8400  3.33275e-07
      30.8500  3.45037e-07
      30.8600  3.22552e-07
      30.8700  2.97261e-07
      30.8800  2.34830e-07
      30.8900  1.76071e-07
      30.9000  1.26877e-07
      30.9100  8.69588e-08
      30.9200  5.70759e-08
      30.9300  3.72279e-08
      30.9400  2.39652e-08
      30.9500  1.90126e-08
      30.9600  2.06453e-08
      30.9700  2.39428e-08
      30.9800  3.06420e-08
      30.9900  3.86443e-08
      31.0000  3.88799e-08
      31.0100  3.86447e-08
      31.0200  3.09531e-08
      31.0300  2.42030e-08
      31.0400  1.90150e-08
      31.0500  1.53891e-08
      31.0600  1.47759e-08
      31.0700  1.57530e-08
      31.0800  2.71529e-08
      31.0900  4.30721e-08
      31.1000  7.54301e-08
      31.1100  1.23285e-07
      31.1200  1.87007e-07
      31.1300  2.66055e-07
      31.1400  3.66138e-07
      31.1500  4.95192e-07
      31.1600  6.26575e-07
      31.1700  7.82731e-07
      31.1800  8.33145e-07
      31.1900  8.99415e-07
      31.2000  8.86919e-07
      31.2100  9.11670e-07
      31.2200  8.69332e-07
      31.2300  8.32632e-07
      31.2400  7.26251e-07
      31.2500  6.29976e-07
      31.2600  5.52402e-07
      31.2700  4.93506e-07
      31.2800  4.63715e-07
      31.2900  4.02474e-07
      31.3000  3.81129e-07
      31.3100  3.50130e-07
      31.3200  3.62748e-07
      31.3300  4.07704e-07
      31.3400  4.99829e-07
      31.3500  6.23532e-07
      31.3600  7.96562e-07
      31.3700  1.01984e-06
      31.3800  1.09171e-06
      31.3900  1.18244e-06
      31.4000  1.11854e-06
      31.4100  1.13395e-06
      31.4200  1.19496e-06
      31.4300  1.36325e-06
      31.4400  1.44066e-06
      31.4500  1.59322e-06
      31.4600  1.64716e-06
      31.4700  1.79335e-06
      31.4800  2.03680e-06
      31.4900  2.35210e-06
      31.5000  2.76365e-06
      31.5100  2.68996e-06
      31.5200  2.60916e-06
      31.5300  2.06357e-06
      31.5400  1.60340e-06
      31.5500  1.24814e-06
      31.5600  1.01242e-06
      31.5700  8.80763e-07
      31.5800  8.59987e-07
      31.5900  9.50578e-07
      31.6000  1.15163e-06
      31.6100  1.47113e-06
      31.6200  1.83975e-06
      31.6300  1.92590e-06
      31.6400  2.01509e-06
      31.6500  1.79168e-06
      31.6600  1.56141e-06
      31.6700  1.38517e-06
      31.6800  1.20207e-06
      31.6900  1.08152e-06
      31.7000  1.02626e-06
      31.7100  8.92930e-07
      31.7200  8.05781e-07
      31.7300  6.31411e-07
      31.7400  4.87795e-07
      31.7500  3.84409e-07
      31.7600  3.13902e-07
      31.7700  2.68420e-07
      31.7800  2.51888e-07
      31.7900  2.60951e-07
      31.8000  2.94686e-07
      31.8100  3.49974e-07
      31.8200  3.52891e-07
      31.8300  3.68223e-07
      31.8400  3.48941e-07
      31.8500  3.56556e-07
      31.8600  3.90360e-07
      31.8700  4.50352e-07
      31.8800  5.36532e-07
      31.8900  6.69098e-07
      31.9000  8.26234e-07
      31.9100  9.02594e-07
      31.9200  1.03982e-06
      31.9300  1.09975e-06
      31.9400  1.24286e-06
      31.9500  1.46589e-06
      31.9600  1.77037e-06
      31.9700  2.15476e-06
      31.9800  2.62218e-06
      31.9900  2.61418e-06
      32.0000  2.59499e-06
      32.0100  2.11002e-06
      32.0200  1.71095e-06
      32.0300  1.40804e-06
      32.0400  1.19557e-06
      32.0500  1.07072e-06
      32.0600  1.01032e-06
      32.0700  1.03878e-06
      32.0800  1.13295e-06
      32.0900  1.12677e-06
      32.1000  1.10703e-06
      32.1100  9.55784e-07
      32.1200  8.22363e-07
      32.1300  7.23593e-07
      32.1400  6.07538e-07
      32.1500  5.17697e-07
      32.1600  4.10710e-07
      32.1700  3.30294e-07
      32.1800  2.59039e-07
      32.1900  2.10632e-07
      32.2000  1.49741e-07
      32.2100  1.08468e-07
      32.2200  7.72304e-08
      32.2300  5.51152e-08
      32.2400  4.05645e-08
      32.2500  2.95125e-08
      32.2600  2.27656e-08
      32.2700  2.05385e-08
      32.2800  2.04715e-08
      32.2900  2.20335e-08
      32.3000  2.52066e-08
      32.3100  2.99243e-08
      32.3200  3.61863e-08
      32.3300  4.39928e-08
      32.3400  4.83266e-08
      32.3500  4.76713e-08
      32.3600  4.25490e-08
      32.3700  3.31735e-08
      32.3800  2.73434e-08
      32.3900  2.26526e-08
      32.4000  2.36409e-08
      32.4100  3.02435e-08
      32.4200  4.24602e-08
      32.4300  6.02911e-08
      32.4400  8.37363e-08
      32.4500  1.12253e-07
      32.4600  1.45516e-07
      32.4700  1.83553e-07
      32.4800  1.84672e-07
      32.4900  1.83553e-07
      32.5000  1.45518e-07
      32.5100  1.11957e-07
      32.5200  8.28710e-08
      32.5300  5.82598e-08
      32.5400  3.81235e-08
      32.5500  2.24620e-08
      32.5600  1.12753e-08
      32.5700  4.56345e-09
      32.5800  2.32640e-09
      32.5900  8.93472e-11
      32.6000  8.97077e-11
      32.6100  1.55306e-09
      32.6200  3.01642e-09
      32.6300  7.40578e-09
      32.6400  1.47211e-08
      32.6500  2.49625e-08
      32.6600  3.81299e-08
      32.6700  5.42233e-08
      32.6800  7.32426e-08
      32.6900  9.51880e-08
      32.7000  1.20277e-07
      32.7100  1.21227e-07
      32.7200  1.21149e-07
      32.7300  9.73678e-08
      32.7400  7.69480e-08
      32.7500  6.01154e-08
      32.7600  4.66444e-08
      32.7700  3.69863e-08
      32.7800  3.11861e-08
      32.7900  2.91987e-08
      32.8000  2.70847e-08
      32.8100  2.82202e-08
      32.8200  2.63032e-08
      32.8300  2.68262e-08
      32.8400  2.83262e-08
      32.8500  2.66301e-08
      32.8600  2.52344e-08
      32.8700  2.06424e-08
      32.8800  1.65319e-08
      32.8900  1.32631e-08
      32.9000  1.08151e-08
      32.9100  9.58713e-09
      32.9200  9.79714e-09
      32.9300  1.12273e-08
      32.9400  1.38775e-08
      32.9500  1.77479e-08
      32.9600  2.23872e-08
      32.9700  2.80211e-08
      32.9800  2.81460e-08
      32.9900  2.79317e-08
      33.0000  2.21633e-08
      33.0100  1.70736e-08
      33.0200  1.26626e-08
      33.0300  8.93023e-09
      33.0400  5.87659e-09
      33.0500  5.40860e-09
      33.0600  5.61930e-09
      33.0700  1.03226e-08
      33.0800  1.95185e-08
      33.0900  3.25284e-08
      33.1000  4.96915e-08
      33.1100  7.06685e-08
      33.1200  9.54595e-08
      33.1300  1.24064e-07
      33.1400  1.56806e-07
      33.1500  1.58082e-07
      33.1600  1.58560e-07
      33.1700  1.28218e-07
      33.1800  1.09981e-07
      33.1900  9.71302e-08
      33.2000  1.03105e-07
      33.2100  1.27904e-07
      33.2200  1.71529e-07
      33.2300  2.33979e-07
      33.2400  3.09289e-07
      33.2500  4.02457e-07
      33.2600  4.96096e-07
      33.2700  6.05263e-07
      33.2800  5.96552e-07
      33.2900  5.82694e-07
      33.3000  4.59532e-07
      33.3100  3.51381e-07
      33.3200  2.70706e-07
      33.3300  2.05042e-07
      33.3400  1.79317e-07
      33.3500  1.92886e-07
      33.3600  2.46072e-07
      33.3700  3.37626e-07
      33.3800  4.68010e-07
      33.3900  6.23322e-07
      33.4000  8.10281e-07
      33.4100  1.02222e-06
      33.4200  1.02858e-06
      33.4300  1.02786e-06
      33.4400  8.24251e-07
      33.4500  7.04812e-07
      33.4600  6.26120e-07
      33.4700  6.85034e-07
      33.4800  8.81555e-07
      33.4900  1.21568e-06
      33.5000  1.68742e-06
      33.5100  2.29580e-06
      33.5200  3.04018e-06
      33.5300  3.79841e-06
      33.5400  4.61822e-06
      33.5500  4.54962e-06
      33.5600  4.40213e-06
      33.5700  3.47136e-06
      33.5800  2.65327e-06
      33.5900  1.94785e-06
      33.6000  1.35512e-06
      33.6100  8.75061e-07
      33.6200  5.07580e-07
      33.6300  2.52569e-07
      33.6400  9.95002e-08
      33.6500  4.85692e-08
      33.6600  1.39424e-10
      33.6700  1.40030e-10
      33.6800  1.40650e-10
      33.6900  1.41270e-10
      33.7000  1.41891e-10
      33.7100  1.42497e-10
      33.7200  1.43092e-10
      33.7300  3.58412e-09
      33.7400  7.02515e-09
      33.7500  1.73471e-08
      33.7600  3.49065e-08
      33.7700  5.93468e-08
      33.7800  9.13813e-08
      33.7900  1.31010e-07
      33.8000  1.78233e-07
      33.8100  2.40089e-07
      33.8200  3.09539e-07
      33.8300  3.37013e-07
      33.8400  3.75839e-07
      33.8500  3.72688e-07
      33.8600  3.84612e-07
      33.8700  4.17139e-07
      33.8800  4.64741e-07
      33.8900  5.34014e-07
      33.9000  6.24961e-07
      33.9100  6.07356e-07
      33.9200  5.90306e-07
      33.9300  4.64705e-07
      33.9400  3.53895e-07
      33.9500  2.61318e-07
      33.9600  1.83532e-07
      33.9700  1.19824e-07
      33.9800  7.05505e-08
      33.9900  3.53556e-08
      34.0000  1.42390e-08
      34.0100  7.20056e-09
      34.0200  4.04951e-09
      34.0300  7.93758e-09
      34.0400  1.96004e-08
      34.0500  3.90380e-08
      34.0600  6.62503e-08
      34.0700  1.01237e-07
      34.0800  1.44120e-07
      34.0900  1.94777e-07
      34.1000  2.60094e-07
      34.1100  3.33497e-07
      34.1200  3.56285e-07
      34.1300  3.88855e-07
      34.1400  3.70952e-07
      34.1500  3.74492e-07
      34.1600  3.99476e-07
      34.1700  4.45903e-07
      34.1800  5.11656e-07
      34.1900  5.98491e-07
      34.2000  5.81881e-07
      34.2100  5.65703e-07
      34.2200  4.48839e-07
      34.2300  3.44559e-07
      34.2400  2.59695e-07
      34.2500  1.90207e-07
      34.2600  1.36401e-07
      34.2700  9.82757e-08
      34.2800  7.36849e-08
      34.2900  6.41860e-08
      34.3000  6.81004e-08
      34.3100  7.41698e-08
      34.3200  7.52521e-08
      34.3300  7.62059e-08
      34.3400  6.27021e-08
      34.3500  5.07525e-08
      34.3600  3.83492e-08
      34.3700  2.79587e-08
      34.3800  2.03039e-08
      34.3900  1.51526e-08
      34.4000  1.64055e-08
      34.4100  2.03055e-08
      34.4200  4.89123e-08
      34.4300  8.64039e-08
      34.4400  1.62888e-07
      34.4500  2.77220e-07
      34.4600  4.23068e-07
      34.4700  6.05885e-07
      34.4800  8.25763e-07
      34.4900  1.08369e-06
      34.5000  1.32106e-06
      34.5100  1.59386e-06
      34.5200  1.57494e-06
      34.5300  1.55890e-06
      34.5400  1.31975e-06
      34.5500  1.12973e-06
      34.5600  9.87377e-07
      34.5700  8.93877e-07
      34.5800  7.44154e-07
      34.5900  6.32155e-07
      34.6000  4.63625e-07
      34.6100  3.48280e-07
      34.6200  2.89617e-07
      34.6300  2.55138e-07
      34.6400  2.80749e-07
      34.6500  3.30449e-07
      34.6600  4.49115e-07
      34.6700  6.37110e-07
      34.6800  8.95295e-07
      34.6900  1.10161e-06
      34.7000  1.35513e-06
      34.7100  1.55817e-06
      34.7200  1.82918e-06
      34.7300  2.15191e-06
      34.7400  2.12843e-06
      34.7500  2.10550e-06
      34.7600  1.73753e-06
      34.7700  1.44608e-06
      34.7800  1.22288e-06
      34.7900  1.07483e-06
      34.8000  9.83160e-07
      34.8100  9.63347e-07
      34.8200  8.55179e-07
      34.8300  7.88305e-07
      34.8400  6.42051e-07
      34.8500  5.31341e-07
      34.8600  4.78554e-07
      34.8700  4.61046e-07
      34.8800  4.81500e-07
      34.8900  5.57174e-07
      34.9000  6.73487e-07
      34.9100  8.46790e-07
      34.9200  9.65584e-07
      34.9300  1.10264e-06
      34.9400  1.18052e-06
      34.9500  1.32266e-06
      34.9600  1.52905e-06
      34.9700  1.79700e-06
      34.9800  2.07643e-06
      34.9900  2.02626e-06
      35.0000  1.92596e-06
      35.0100  1.50789e-06
      35.0200  1.15142e-06
      35.0300  8.44911e-07
      35.0400  5.94173e-07
      35.0500  3.92067e-07
      35.0600  2.38593e-07
      35.0700  1.33750e-07
      35.0800  7.72480e-08
      35.0900  6.35739e-08
      35.1000  5.40406e-08
      35.1100  5.43696e-08
      35.1200  6.55338e-08
      35.1300  6.64089e-08
      35.1400  9.15781e-08
      35.1500  1.42109e-07
      35.1600  2.18001e-07
      35.1700  3.33159e-07
      35.1800  4.73679e-07
      35.1900  6.67368e-07
      35.2000  9.14226e-07
      35.2100  1.21624e-06
      35.2200  1.35753e-06
      35.2300  1.51136e-06
      35.2400  1.50705e-06
      35.2500  1.55042e-06
      35.2600  1.65084e-06
      35.2700  1.55298e-06
      35.2800  1.47235e-06
      35.2900  1.19816e-06
      35.3000  9.82910e-07
      35.3100  7.99210e-07
      35.3200  6.77914e-07
      35.3300  5.58579e-07
      35.3400  4.89911e-07
      35.3500  4.41742e-07
      35.3600  4.32055e-07
      35.3700  4.50090e-07
      35.3800  4.85654e-07
      35.3900  4.65407e-07
      35.4000  4.48542e-07
      35.4100  3.62095e-07
      35.4200  2.89197e-07
      35.4300  2.22749e-07
      35.4400  1.68477e-07
      35.4500  1.17849e-07
      35.4600  7.94382e-08
      35.4700  5.39809e-08
      35.4800  4.05249e-08
      35.4900  3.90700e-08
      35.5000  4.01845e-08
      35.5100  7.63117e-08
      35.5200  1.14608e-07
      35.5300  2.13398e-07
      35.5400  3.62200e-07
      35.5500  5.71524e-07
      35.5600  8.32815e-07
      35.5700  1.15650e-06
      35.5800  1.54605e-06
      35.5900  2.00235e-06
      35.6000  2.52539e-06
      35.6100  2.55654e-06
      35.6200  2.56357e-06
      35.6300  2.07857e-06
      35.6400  1.66005e-06
      35.6500  1.30672e-06
      35.6600  9.83072e-07
      35.6700  7.10542e-07
      35.6800  4.66058e-07
      35.6900  2.78562e-07
      35.7000  1.57257e-07
      35.7100  1.01837e-07
      35.7200  5.25208e-08
      35.7300  3.95050e-08
      35.7400  3.27312e-08
      35.7500  3.47714e-08
      35.7600  4.31925e-08
      35.7700  6.28004e-08
      35.7800  8.55982e-08
      35.7900  1.21392e-07
      35.8000  1.59990e-07
      35.8100  2.12563e-07
      35.8200  2.74362e-07
      35.8300  3.51056e-07
      35.8400  4.41681e-07
      35.8500  4.96637e-07
      35.8600  5.58994e-07
      35.8700  5.35915e-07
      35.8800  5.09016e-07
      35.8900  4.54001e-07
      35.9000  4.19795e-07
      35.9100  4.22022e-07
      35.9200  4.60989e-07
      35.9300  5.36390e-07
      35.9400  6.18581e-07
      35.9500  7.32121e-07
      35.9600  8.46892e-07
      35.9700  8.55484e-07
      35.9800  8.88998e-07
      35.9900  7.66974e-07
      36.0000  7.08460e-07
      36.0100  6.77572e-07
      36.0200  7.16364e-07
      36.0300  8.24836e-07
      36.0400  1.00299e-06
      36.0500  1.24874e-06
      36.0600  1.56257e-06
      36.0700  1.94513e-06
      36.0800  1.94811e-06
      36.0900  1.94202e-06
      36.1000  1.55180e-06
      36.1100  1.21295e-06
      36.1200  9.23181e-07
      36.1300  6.82502e-07
      36.1400  4.90911e-07
      36.1500  3.27632e-07
      36.1600  2.10060e-07
      36.1700  1.20875e-07
      36.1800  8.09294e-08
      36.1900  4.33892e-08
      36.2000  3.16716e-08
      36.2100  2.23593e-08
      36.2200  1.54524e-08
      36.2300  1.09509e-08
      36.2400  8.85469e-09
      36.2500  7.76698e-09
      36.2600  6.60377e-09
      36.2700  5.32187e-09
      36.2800  6.37474e-09
      36.2900  7.57864e-09
      36.3000  1.33011e-08
      36.3100  2.35421e-08
      36.3200  3.83016e-08
      36.3300  5.75797e-08
      36.3400  8.13763e-08
      36.3500  1.27197e-07
      36.3600  1.77386e-07
      36.3700  2.67029e-07
      36.3800  3.55652e-07
      36.3900  4.77103e-07
      36.4000  5.97534e-07
      36.4100  7.57478e-07
      36.4200  9.59388e-07
      36.4300  1.20536e-06
      36.4400  1.49616e-06
      36.4500  1.51879e-06
      36.4600  1.54642e-06
      36.4700  1.30794e-06
      36.4800  1.13494e-06
      36.4900  1.02305e-06
      36.5000  9.74462e-07
      36.5100  9.84511e-07
      36.5200  1.00740e-06
      36.5300  9.99481e-07
      36.5400  9.91559e-07
      36.5500  9.25256e-07
      36.5600  8.07467e-07
      36.5700  6.83856e-07
      36.5800  5.15030e-07
      36.5900  3.72581e-07
      36.6000  2.56509e-07
      36.6100  1.66814e-07
      36.6200  1.03262e-07
      36.6300  6.07766e-08
      36.6400  3.30505e-08
      36.6500  2.19104e-08
      36.6600  1.63019e-08
      36.6700  2.39946e-08
      36.6800  3.33491e-08
      36.6900  6.57018e-08
      36.7000  1.21053e-07
      36.7100  2.69063e-07
      36.7200  4.47113e-07
      36.7300  7.87383e-07
      36.7400  1.30468e-06
      36.7500  1.99962e-06
      36.7600  2.87220e-06
      36.7700  3.71259e-06
      36.7800  4.69650e-06
      36.7900  5.64822e-06
      36.8000  6.77731e-06
      36.8100  6.79503e-06
      36.8200  6.64358e-06
      36.8300  5.35770e-06
      36.8400  4.11580e-06
      36.8500  3.05956e-06
      36.8600  2.18899e-06
      36.8700  1.50409e-06
      36.8800  9.82206e-07
      36.8900  6.34662e-07
      36.9000  4.50133e-07
      36.9100  4.28619e-07
      36.9200  3.53390e-07
      36.9300  3.43639e-07
      36.9400  2.72512e-07
      36.9500  2.09753e-07
      36.9600  1.55363e-07
      36.9700  1.09340e-07
      36.9800  7.16856e-08
      36.9900  4.23993e-08
      37.0000  2.14811e-08
      37.0100  8.93113e-09
      37.0200  4.74939e-09
      37.0300  5.67645e-10
      37.0400  5.70084e-10
      37.0500  1.28093e-09
      37.0600  1.99188e-09
      37.0700  4.11966e-09
      37.0800  7.66441e-09
      37.0900  1.26260e-08
      37.1000  1.90045e-08
      37.1100  2.70673e-08
      37.1200  3.65470e-08
      37.1300  4.80502e-08
      37.1400  6.15052e-08
      37.1500  6.39495e-08
      37.1600  6.63640e-08
      37.1700  5.77677e-08
      37.1800  5.12669e-08
      37.1900  4.68615e-08
      37.2000  4.45515e-08
      37.2100  3.93894e-08
      37.2200  3.55205e-08
      37.2300  2.74703e-08
      37.2400  2.13001e-08
      37.2500  1.58961e-08
      37.2600  1.11707e-08
      37.2700  7.83230e-09
      37.2800  5.38573e-09
      37.2900  3.61766e-09
      37.3000  2.95465e-09
      37.3100  4.20105e-09
      37.3200  6.14060e-09
      37.3300  1.07451e-08
      37.3400  1.78027e-08
      37.3500  2.81487e-08
      37.3600  4.15564e-08
      37.3700  5.90225e-08
      37.3800  7.66028e-08
      37.3900  9.76019e-08
      37.4000  1.18715e-07
      37.4100  1.29004e-07
      37.4200  1.38663e-07
      37.4300  1.33087e-07
      37.4400  1.25462e-07
      37.4500  1.08120e-07
      37.4600  9.01627e-08
      37.4700  6.70449e-08
      37.4800  4.79856e-08
      37.4900  3.25582e-08
      37.5000  2.09761e-08
      37.5100  1.30260e-08
      37.5200  7.09898e-09
      37.5300  3.75354e-09
      37.5400  1.87125e-09
      37.5500  1.20412e-09
      37.5600  7.08775e-10
      37.5700  7.11767e-10
      37.5800  7.14769e-10
      37.5900  7.17695e-10
      37.6000  7.20694e-10
      37.6100  7.23680e-10
      37.6200  7.26664e-10
      37.6300  7.29658e-10
      37.6400  7.32576e-10
      37.6500  7.35575e-10
      37.6600  7.38560e-10
      37.6700  7.41560e-10
      37.6800  7.44593e-10
      37.6900  7.47566e-10
      37.7000  7.50651e-10
      37.7100  8.61195e-10
      37.7200  9.71784e-10
      37.7300  1.29732e-09
      37.7400  1.83772e-09
      37.7500  2.59299e-09
      37.7600  3.56320e-09
      37.7700  4.74824e-09
      37.7800  6.14815e-09
      37.7900  7.76297e-09
      37.8000  9.59262e-09
      37.8100  9.64962e-09
      37.8200  9.59922e-09
      37.8300  7.77614e-09
      37.8400  6.44000e-09
      37.8500  5.31876e-09
      37.8600  4.95650e-09
      37.8700  5.35327e-09
      37.8800  7.02044e-09
      37.8900  9.44660e-09
      37.9000  1.39160e-08
      37.9100  2.01671e-08
      37.9200  2.85081e-08
      37.9300  3.90464e-08
      37.9400  4.66411e-08
      37.9500  5.55095e-08
      37.9600  6.14343e-08
      37.9700  6.94490e-08
      37.9800  7.00937e-08
      37.9900  7.12942e-08
      38.0000  6.02870e-08
      38.0100  5.05852e-08
      38.0200  3.81354e-08
      38.0300  2.77755e-08
      38.0400  1.95055e-08
      38.0500  1.27812e-08
      38.0600  7.87461e-09
      38.0700  4.51377e-09
      38.0800  2.69858e-09
      38.0900  1.40643e-09
      38.1000  1.14859e-09
      38.1100  8.90791e-10
      38.1200  8.94459e-10
      38.1300  8.98168e-10
      38.1400  9.01863e-10
      38.1500  9.05611e-10
      38.1600  9.09349e-10
      38.1700  9.13143e-10
      38.1800  9.16954e-10
      38.1900  1.50810e-09
      38.2000  2.09927e-09
      38.2100  3.86490e-09
      38.2200  6.80507e-09
      38.2300  1.09197e-08
      38.2400  1.62090e-08
      38.2500  2.26728e-08
      38.2600  3.03110e-08
      38.2700  3.91238e-08
      38.2800  4.91111e-08
      38.2900  4.94088e-08
      38.3000  4.91192e-08
      38.3100  3.93923e-08
      38.3200  3.13451e-08
      38.3300  2.49769e-08
      38.3400  2.12984e-08
      38.3500  2.03094e-08
      38.3600  2.20101e-08
      38.3700  2.64003e-08
      38.3800  3.34800e-08
      38.3900  4.32493e-08
      38.4000  5.55987e-08
      38.4100  6.54303e-08
      38.4200  6.88037e-08
      38.4300  6.97338e-08
      38.4400  6.50577e-08
      38.4500  6.41216e-08
      38.4600  6.69257e-08
      38.4700  7.34699e-08
      38.4800  8.37543e-08
      38.4900  9.77790e-08
      38.5000  9.58410e-08
      38.5100  9.35688e-08
      38.5200  7.46865e-08
      38.5300  5.78320e-08
      38.5400  4.37078e-08
      38.5500  3.26680e-08
      38.5600  2.47125e-08
      38.5700  1.98415e-08
      38.5800  1.80549e-08
      38.5900  1.93529e-08
      38.6000  2.37355e-08
      38.6100  2.90726e-08
      38.6200  3.64377e-08
      38.6300  3.67609e-08
      38.6400  3.69331e-08
      38.6500  3.02230e-08
      38.6600  2.47225e-08
      38.6700  2.04316e-08
      38.6800  1.76968e-08
      38.6900  1.61715e-08
      38.7000  1.65487e-08
      38.7100  1.94271e-08
      38.7200  2.22916e-08
      38.7300  2.81269e-08
      38.7400  3.29628e-08
      38.7500  4.06175e-08
      38.7600  4.95521e-08
      38.7700  6.10906e-08
      38.7800  6.88247e-08
      38.7900  7.81235e-08
      38.8000  8.36180e-08
      38.8100  8.06383e-08
      38.8200  7.84660e-08
      38.8300  6.42533e-08
      38.8400  5.19962e-08
      38.8500  3.86337e-08
      38.8600  2.75963e-08
      38.8700  1.88125e-08
      38.8800  1.24820e-08
      38.8900  7.71232e-09
      38.9000  5.24929e-09
      38.9100  4.74653e-09
      38.9200  5.00630e-09
      38.9300  6.62741e-09
      38.9400  8.64781e-09
      38.9500  1.12491e-08
      38.9600  1.42497e-08
      38.9700  1.76498e-08
      38.9800  1.77549e-08
      38.9900  1.76604e-08
